#Frame              d
       1     -69.3530
       2     -62.6472
       3     -21.0000
       4     -49.0646
       5     -77.7035
       6     -74.4816
       7     -30.3318
       8    -144.7268
       9     -83.3682
      10     -80.7318
      11     -84.9690
      12     -78.4604
      13     -70.1963
      14     -95.8130
      15     -51.8546
      16     -80.4122
      17     -88.3092
      18     -92.4926
      19     -96.5387
      20    -129.8002
      21     -86.6188
      22    -171.6601
      23     -37.5715
      24     165.0584
      25     -93.1389
      26     -73.2139
      27     -89.1666
      28     -26.3246
      29     -65.1031
      30     -58.7068
      31     -78.5350
      32      -1.5609
      33     -85.2073
      34     -64.4173
      35     -75.4658
      36    -103.5714
      37    -137.8011
      38    -100.2592
      39     -25.8106
      40     -52.9369
      41    -156.2063
      42    -160.0865
      43     -56.4251
      44     -57.0461
      45     -74.4038
      46     -88.1146
      47     -80.5211
      48     -88.3194
      49     -76.8214
      50    -108.2585
      51     -59.8822
      52     -85.9411
      53    -178.6154
      54     -50.7768
      55     -83.0969
      56     -91.8596
      57     -70.8873
      58     -82.1971
      59    -165.6875
      60     -51.5975
      61    -117.4244
      62     -59.7291
      63    -143.0137
      64    -118.7487
      65     -41.9048
      66     -92.9779
      67     -81.2043
      68      29.0778
      69    -137.7248
      70    -148.2522
      71     -81.5994
      72     -53.5083
      73     -79.4355
      74     -65.9834
      75    -109.9171
      76     -83.9950
      77     -78.9643
      78    -104.9127
      79     -69.7212
      80    -103.2778
      81    -141.8425
      82    -106.8998
      83     -94.6934
      84     -85.8286
      85     -88.8198
      86     -78.7400
      87     -91.7343
      88    -116.8923
      89     -78.7403
      90     176.8142
      91     -97.9166
      92     -82.3498
      93     -88.4290
      94     -89.9542
      95     -18.4417
      96     -67.7482
      97     -73.3352
      98     -73.8640
      99     -82.1981
     100    -105.5461
     101     -64.9209
     102     -95.1762
     103     -51.7544
     104     -81.7204
     105     -78.9943
     106     -75.8481
     107     -69.1638
     108     -85.5702
     109     -74.5558
     110     -94.2267
     111     -69.4003
     112     -81.9966
     113    -101.9635
     114     -83.2418
     115     -89.6098
     116     -69.3116
     117     -44.4861
     118     -49.5053
     119     -91.3613
     120     -93.2233
     121     -99.4963
     122     -47.9199
     123     -52.3613
     124     -56.2188
     125     -66.9371
     126    -108.7059
     127     -67.9610
     128     -11.8822
     129     -89.5418
     130    -104.4727
     131     -96.4810
     132    -128.6983
     133    -110.4046
     134    -174.6081
     135     -63.3971
     136     -66.0387
     137     -86.4714
     138     -45.6020
     139     -32.2102
     140     -93.9366
     141     -71.2997
     142     -53.9776
     143     -96.2850
     144    -136.9607
     145     -87.3451
     146     -70.3614
     147     -78.5563
     148     -99.3451
     149     -63.8885
     150     -68.4035
     151    -162.2865
     152     -85.7377
     153     -90.4705
     154    -114.8498
     155    -114.1572
     156     -71.8973
     157     -97.0902
     158     -77.0493
     159     -69.5363
     160    -105.6724
     161     -73.0829
     162     -76.4161
     163    -121.4457
     164     -89.0814
     165     -53.1910
     166     -79.4125
     167    -168.4240
     168     -91.0622
     169     -51.1209
     170     -94.8958
     171     -95.2772
     172     -77.4434
     173     -95.3161
     174    -121.7788
     175     -75.3236
     176     -61.7849
     177     -91.5314
     178    -123.3026
     179     -83.0383
     180    -105.8640
     181     -84.9705
     182    -102.7609
     183     -76.3102
     184     -97.8051
     185     -17.4435
     186    -137.2583
     187     -95.9604
     188     -69.5140
     189     -55.8002
     190     -79.9426
     191     -98.4259
     192     -71.6979
     193     -80.5673
     194     -82.8903
     195     -79.0729
     196     -88.8398
     197     -65.6900
     198     -62.9249
     199    -163.9897
     200    -125.5444
     201     -63.5686
     202     -63.0128
     203     -32.2276
     204    -169.9487
     205    -163.7283
     206     -20.1420
     207     -78.3986
     208     -96.4777
     209     -87.0729
     210     -78.0713
     211     -82.4353
     212     -68.6391
     213     -86.8508
     214       7.6087
     215    -109.4736
     216     -60.6137
     217     175.7794
     218    -106.0860
     219    -103.0503
     220     -40.9299
     221     -76.4054
     222    -179.6651
     223    -111.9604
     224      24.1499
     225     -65.7987
     226     -46.5512
     227     -72.9827
     228     -85.1495
     229     -98.8541
     230     -76.6900
     231     -77.0731
     232     -76.8776
     233    -134.0801
     234     -67.6114
     235    -153.4783
     236     -68.7566
     237     -63.2786
     238     174.4309
     239     172.7527
     240     -78.2516
     241    -110.6948
     242     169.4757
     243     -93.5920
     244     -84.0659
     245     -87.2853
     246     -57.9482
     247     -65.3363
     248     -58.2528
     249     -68.7554
     250     -74.2801
     251     -79.0213
     252     -98.4026
     253     -86.3055
     254     -74.6204
     255     -82.6538
     256    -106.5881
     257     -81.4321
     258     -91.1704
     259     -96.8604
     260     -70.6505
     261     -83.7968
     262     -90.4479
     263     -63.0526
     264    -106.0171
     265     -90.6058
     266     -90.6484
     267     -76.0529
     268     -70.5609
     269     -82.3393
     270     -88.8769
     271     -75.8067
     272     -85.9109
     273     -61.5256
     274     -49.2395
     275     -62.9693
     276     -78.6087
     277    -112.8753
     278     -75.1975
     279     -39.7015
     280    -144.8444
     281    -104.0511
     282     -77.0828
     283     -75.9400
     284    -110.2132
     285    -101.9463
     286     -91.0110
     287     -65.9033
     288     -61.7807
     289     -31.5179
     290     -89.8058
     291     -68.0778
     292     -98.7375
     293     -69.9966
     294     -69.8304
     295     -58.0388
     296     -73.9876
     297     -90.2486
     298    -126.0694
     299     -78.4881
     300     -81.9379
     301     -76.3357
     302     -70.9355
     303    -109.1489
     304     -73.7089
     305     -71.8082
     306    -114.5619
     307     -81.9689
     308     -64.9854
     309     -86.6433
     310     -65.4436
     311     -73.2990
     312     -89.5867
     313    -101.0576
     314     -84.2940
     315    -144.5761
     316    -152.7221
     317     178.5129
     318     177.2182
     319     -79.0880
     320     -83.2515
     321     -72.0604
     322    -156.0452
     323     -70.7059
     324     -56.4031
     325     -46.1664
     326    -118.8167
     327     -93.2282
     328     -63.2018
     329     -42.6165
     330     -44.3363
     331     -47.3497
     332     -90.1059
     333     -51.0866
     334     -71.1742
     335     -70.1127
     336     -70.0785
     337     -70.8152
     338     -53.2074
     339    -175.7761
     340       5.0466
     341     -75.6112
     342     -91.6863
     343     -88.9651
     344    -104.6213
     345      26.2643
     346     -50.6756
     347     -62.9663
     348     -59.2393
     349    -111.6764
     350     -68.9390
     351    -107.6958
     352     -79.3156
     353     -71.0590
     354     -72.3300
     355     -49.9819
     356     -95.3203
     357     -55.0956
     358     -57.1044
     359     -98.3874
     360     -99.2900
     361     -55.2857
     362     -87.3579
     363    -137.0818
     364    -161.9836
     365     -37.4181
     366     -45.0345
     367       8.6922
     368     -73.1445
     369    -140.7956
     370     -72.8776
     371     -92.4572
     372     -94.5504
     373     -76.0080
     374     -66.9038
     375     -78.0844
     376     -70.7479
     377    -130.7251
     378     -83.7153
     379    -121.5550
     380    -123.4320
     381    -159.0647
     382     -46.9197
     383     -86.8610
     384    -104.8158
     385     -52.4317
     386     -66.8231
     387     -40.9985
     388     -36.2774
     389     -26.2435
     390     -76.8658
     391     -82.5528
     392    -113.5551
     393    -110.6140
     394    -110.2956
     395     -87.5807
     396     -71.8647
     397    -101.4129
     398     -81.6116
     399     -48.9666
     400    -112.3873
     401     -56.2653
     402     -62.7693
     403     -69.2151
     404     -66.9830
     405    -114.1174
     406     -75.7721
     407     -69.5151
     408     -54.1433
     409     -77.2070
     410     -80.6896
     411    -100.9097
     412    -120.6155
     413     -73.0487
     414     -75.2853
     415     -99.2584
     416     -55.3247
     417     -74.4287
     418      29.6676
     419     -52.4838
     420     -89.1125
     421    -142.4355
     422    -157.8613
     423     -79.8733
     424      32.3691
     425     -88.2244
     426     -99.9038
     427     -85.5156
     428     -49.8983
     429     -96.7389
     430    -121.8135
     431     -85.2342
     432     -81.9612
     433    -139.7021
     434    -147.3642
     435    -139.1249
     436     -81.7363
     437    -149.4093
     438     -17.2719
     439    -166.9011
     440     -50.9587
     441    -139.4313
     442     -84.3678
     443    -100.2983
     444     -82.6643
     445     -77.7629
     446     -87.3458
     447     -80.5670
     448     -76.1847
     449    -115.2755
     450     -80.2229
     451     -62.4468
     452     -98.5857
     453    -110.6725
     454     -89.5063
     455    -100.6893
     456     -72.3001
     457     -67.5328
     458     -94.5688
     459     -79.3648
     460     -96.1667
     461     -67.7014
     462     -78.5317
     463     -73.8476
     464    -112.5225
     465    -106.1954
     466     -91.4698
     467     -69.5142
     468     -60.8977
     469    -108.1667
     470     -61.1561
     471    -151.4782
     472     -65.5422
     473     -44.9586
     474    -101.7481
     475     -78.3408
     476     -74.2562
     477     -92.3358
     478     -87.7361
     479     -92.2241
     480    -107.9493
     481     -69.6891
     482     -76.7177
     483     -76.2307
     484     -85.7507
     485    -101.5156
     486    -100.2897
     487    -106.9421
     488     -90.3623
     489     -92.3158
     490     -87.1273
     491     -76.6730
     492     -82.1739
     493      -2.6730
     494     -71.6267
     495    -100.4824
     496    -105.8505
     497    -109.1001
     498     -89.7001
     499     -87.5360
     500     -89.5194
     501     -68.4263
     502    -101.7304
     503    -154.4863
     504     -66.9522
     505     -26.5167
     506     -72.1294
     507     -66.4984
     508    -104.1088
     509     -82.9167
     510    -112.8055
     511    -162.3697
     512    -170.3507
     513    -135.4338
     514     -37.8392
     515     -53.8383
     516    -165.2962
     517     -93.9361
     518     -96.2753
     519     -75.7023
     520     -82.7412
     521      10.2616
     522     -90.6122
     523     -89.6368
     524     -80.4905
     525     -73.1992
     526     -72.1441
     527     -81.1911
     528     -70.5082
     529    -111.9625
     530     -68.4253
     531     -75.2315
     532     -80.5656
     533     -66.4158
     534     -85.8454
     535     -85.2534
     536    -114.5948
     537     -77.7996
     538    -104.7111
     539     -72.7460
     540     -54.6427
     541     -55.6601
     542     -72.4267
     543     -59.0681
     544     -51.8705
     545    -100.1886
     546     -70.2915
     547     -41.1619
     548    -128.3082
     549     -58.7591
     550     -85.8155
     551     -87.9679
     552     -73.9799
     553     -96.0648
     554     -63.1107
     555     171.9705
     556     -76.4435
     557     -88.6015
     558    -157.0567
     559     -58.9216
     560     -85.1087
     561     -76.7012
     562    -141.3676
     563    -113.2532
     564     -83.1670
     565     -53.6129
     566    -175.5707
     567    -149.1422
     568    -118.6477
     569    -124.4557
     570     -35.1507
     571     -54.2235
     572     -69.6295
     573    -109.8501
     574     -92.8272
     575     -84.1959
     576     -86.9579
     577     -83.2043
     578     -70.6606
     579     -71.8240
     580     -86.5759
     581     -79.4972
     582     -52.0624
     583     -79.5047
     584     -41.5451
     585      17.7086
     586     -59.0824
     587    -146.4009
     588    -137.4915
     589     177.0536
     590      70.8755
     591     -73.5027
     592    -107.3760
     593    -161.8767
     594     -90.1330
     595     -65.3786
     596     -72.3850
     597    -115.0442
     598     -80.2671
     599     -79.4324
     600    -131.2516
     601     -64.8476
     602     -89.6935
     603     -76.0649
     604     -22.0264
     605    -100.6007
     606     -68.3971
     607    -120.2354
     608     -79.1013
     609     -64.7526
     610     -89.2848
     611    -100.5907
     612     -93.7883
     613     -63.9540
     614     -49.4317
     615     -70.3333
     616    -161.1583
     617     -71.9204
     618     -50.4984
     619      75.5265
     620     -25.9167
     621     -69.8228
     622    -100.3270
     623     -59.6178
     624     -79.5551
     625     -80.2439
     626     -60.0049
     627     -66.7511
     628     -69.9654
     629     -78.2350
     630    -105.9096
     631     -99.2046
     632     -30.6118
     633    -133.2434
     634     -71.5624
     635    -144.2494
     636     -23.0364
     637    -163.8550
     638    -154.6225
     639    -141.9809
     640     -56.6360
     641     -69.5230
     642     -97.7632
     643    -118.1556
     644    -161.1253
     645     -65.0116
     646    -107.3401
     647      26.2005
     648    -162.6200
     649     -93.6281
     650    -104.2836
     651     -86.1380
     652     -83.7573
     653     -94.4017
     654     -99.4826
     655     -80.9604
     656     -86.9531
     657     -91.7832
     658    -102.5401
     659     -89.8278
     660     -45.4815
     661     -75.0800
     662     -39.5010
     663     -30.0949
     664    -119.3343
     665     -58.1781
     666    -115.8680
     667    -102.2788
     668     -82.2556
     669    -107.8517
     670     -88.3194
     671     -83.4531
     672     -86.9862
     673     -73.5346
     674     -69.2601
     675    -104.9446
     676    -179.1187
     677     -72.2617
     678     -54.8859
     679     -77.0626
     680    -109.4058
     681     -84.5961
     682     -66.1203
     683     -92.2816
     684     -99.5151
     685     -74.1798
     686     -56.2970
     687     -78.6523
     688    -118.4120
     689      42.9693
     690     -62.8217
     691     -41.0744
     692     -97.6201
     693       1.3402
     694     -88.8842
     695     -77.8252
     696     -71.0112
     697    -127.9555
     698     -66.5382
     699    -171.3251
     700     -83.1522
     701     -59.8077
     702    -145.8900
     703     -77.3970
     704     -27.4104
     705     -54.0736
     706    -179.0101
     707    -155.4661
     708     -73.1867
     709    -147.9342
     710     -68.9306
     711     -91.5121
     712    -108.1395
     713     -77.8614
     714     -79.7516
     715     -73.2105
     716     -93.2902
     717     -97.4020
     718    -101.4363
     719     -92.3388
     720    -108.0839
     721     -87.5840
     722    -134.9578
     723    -105.2806
     724     -76.8799
     725     -70.4509
     726     -77.8372
     727     -79.8224
     728     -71.2660
     729     -60.1328
     730     -99.5597
     731     -77.0068
     732     -78.2014
     733     -71.7871
     734    -116.2490
     735     -87.5920
     736     -78.1579
     737     -88.1833
     738     -78.5176
     739     -61.4992
     740     -34.1896
     741     -88.7379
     742     -87.6739
     743     -82.2102
     744     -66.4023
     745     -80.8659
     746     -72.2478
     747     -71.2233
     748     -82.8149
     749    -113.8051
     750     -62.9636
     751     -87.9180
     752     -71.4560
     753     -87.3292
     754     -81.0370
     755     -71.6074
     756     -87.7805
     757     -94.6816
     758     -86.1032
     759     -57.0588
     760    -119.5350
     761     -25.6574
     762     -53.6971
     763     -67.2002
     764     -98.8429
     765     -60.2950
     766     -75.5450
     767     -26.8343
     768     -51.2958
     769     -69.0765
     770     -92.7394
     771     -74.3712
     772     -76.2181
     773     -98.8160
     774     -89.0475
     775     -70.0302
     776    -123.5234
     777     -88.0256
     778     -94.6862
     779     -72.3537
     780     -75.3608
     781     -82.7898
     782     -88.1819
     783     -89.3105
     784     -70.7965
     785    -102.8753
     786     -80.9529
     787     -86.3458
     788     -95.3599
     789     -86.5357
     790     -74.3042
     791    -107.3289
     792     159.1934
     793     -81.0220
     794     -30.2726
     795     -58.4667
     796     -32.4344
     797    -112.9494
     798     -26.8829
     799     -35.1596
     800      -8.6016
     801     -80.3224
     802     -78.3703
     803     -18.8998
     804     -69.6523
     805     -24.9662
     806     -57.8148
     807    -106.5330
     808     -60.5420
     809     -93.7873
     810    -136.6041
     811     174.8405
     812     -77.0400
     813    -102.9605
     814     -62.2202
     815     -76.5072
     816     -92.9234
     817     -61.2140
     818     -62.6214
     819     -71.1266
     820     -16.1206
     821       5.7473
     822     -86.4683
     823     -65.9962
     824     -80.6780
     825    -120.3737
     826     -99.5675
     827     -93.8052
     828     -77.2154
     829     -90.2059
     830     -61.7377
     831     -90.0650
     832     -75.5491
     833     -89.0259
     834     -78.0556
     835     -89.7411
     836     -94.8285
     837     -87.0047
     838     -95.6567
     839     -75.1735
     840     -55.0708
     841     -59.1000
     842     -79.8895
     843     -65.1656
     844    -135.2804
     845     -63.8065
     846     -68.7155
     847    -147.4657
     848    -172.5107
     849     -86.4176
     850     -56.6466
     851      -0.3069
     852     -96.4418
     853    -122.7828
     854    -156.1983
     855     -66.8283
     856    -111.3018
     857     -77.2011
     858     -75.6151
     859     -90.0448
     860     -95.9073
     861     -66.8156
     862     -63.4769
     863    -115.7735
     864    -131.0344
     865    -106.4443
     866    -120.9164
     867    -165.7088
     868     -66.4196
     869     -82.6515
     870     -34.3379
     871    -103.1749
     872     -96.0855
     873    -144.0952
     874    -125.2481
     875     -52.6404
     876     -82.5464
     877      10.3825
     878     -79.9867
     879     -76.8951
     880     -75.0119
     881    -100.4701
     882     -77.8677
     883     169.0245
     884     -91.0099
     885    -104.8226
     886     -27.9491
     887     -55.2588
     888    -103.4936
     889     170.3766
     890     -53.1061
     891     -37.2429
     892     -94.5814
     893     -56.2615
     894     -37.5237
     895     -96.9145
     896     -71.8439
     897    -152.2913
     898     -45.4310
     899     -90.3288
     900    -162.6678
     901    -166.2464
     902     -91.8076
     903     -58.6517
     904     -73.8070
     905     -98.6838
     906     -73.8013
     907     -77.7252
     908     -78.6006
     909    -128.1735
     910     -86.1974
     911      22.0348
     912    -100.1014
     913     -55.1959
     914     -46.3420
     915     -89.4564
     916      -9.3328
     917    -129.7223
     918     -88.5219
     919     -90.2242
     920    -123.5083
     921    -141.0207
     922    -179.9908
     923    -152.4692
     924    -161.0192
     925     -65.6863
     926    -101.6413
     927     -56.0481
     928     -60.8354
     929     -86.7222
     930     -92.5382
     931     -19.6930
     932    -107.1442
     933     -85.2328
     934     -82.0791
     935     -60.2585
     936     -95.3087
     937     -73.8604
     938     -72.1107
     939     -89.6834
     940     -97.4120
     941     -91.5237
     942     -91.7520
     943     -89.0002
     944     -73.5218
     945     -83.9435
     946     -75.3536
     947     -77.9479
     948     -84.3955
     949    -106.6973
     950      -9.0935
     951     -80.5203
     952     -66.9158
     953    -122.7906
     954     -61.2566
     955    -100.1615
     956     -67.3362
     957     170.8234
     958     -63.4220
     959    -141.9794
     960     -38.0646
     961     -48.6949
     962     -49.5085
     963    -104.7333
     964     -98.7435
     965     -59.4237
     966     -94.4800
     967     -84.8686
     968     -52.0515
     969    -133.4790
     970    -101.0325
     971     -73.6713
     972     -69.3244
     973     -57.0164
     974     -95.6995
     975     -60.5192
     976     -88.1480
     977     -56.6079
     978     -85.0975
     979    -100.2529
     980    -111.6550
     981     -95.3335
     982     -73.9422
     983     -85.8864
     984    -176.9127
     985     -68.7219
     986     -64.9848
     987     -72.6845
     988     -72.1808
     989    -106.8399
     990     -47.0189
     991     -41.5519
     992    -139.2191
     993    -158.2777
     994     -81.0150
     995    -101.1031
     996     -91.7199
     997     -70.0204
     998     -62.2569
     999     -60.9379
    1000     -69.0348
    1001     -89.4194
