#Frame              h
       1     -66.2143
       2     -75.7241
       3     -61.8359
       4     -74.4663
       5     -73.4098
       6     109.7169
       7      76.9868
       8      67.7875
       9      59.9292
      10     -34.4551
      11     -30.3262
      12     -59.0732
      13      52.1392
      14     -30.8344
      15      89.4085
      16     -39.5125
      17     -64.8635
      18     -18.7459
      19      82.6786
      20      67.5975
      21     -64.4786
      22     152.3921
      23      89.3703
      24    -170.4177
      25     -48.6768
      26     -88.9445
      27     -80.3083
      28     -95.8296
      29     -36.6409
      30     -54.3124
      31    -154.5470
      32     -71.7517
      33     -75.0158
      34     -57.0626
      35     -66.8178
      36     -54.9931
      37      62.8468
      38      51.9025
      39      85.4725
      40      85.4575
      41      76.9600
      42      76.0481
      43      69.3772
      44     -59.3155
      45     -80.6155
      46     -19.6425
      47     -33.7800
      48     -61.3551
      49     -50.7964
      50     -47.8817
      51       7.7728
      52    -153.8751
      53     124.2116
      54     -51.6372
      55     -52.5583
      56     -83.5458
      57      -2.2277
      58     -53.0493
      59      15.8303
      60     122.6207
      61      78.1279
      62     -53.9349
      63     118.7974
      64     -17.2658
      65      61.7421
      66      50.1699
      67     -23.7047
      68     -82.6210
      69      54.6554
      70     151.0500
      71     -42.1542
      72      15.3101
      73     -31.7931
      74     -48.6531
      75      30.2042
      76     -39.0532
      77     -47.0248
      78     -50.8492
      79     -60.0265
      80     -74.2895
      81     -17.5544
      82     -44.8441
      83     -55.4108
      84     -36.7368
      85     -34.2497
      86     -10.9024
      87     -35.9480
      88     -44.7408
      89     -78.5335
      90    -145.8051
      91     -67.4031
      92     -65.4581
      93     -66.0279
      94     -54.9161
      95      71.2223
      96     -68.2100
      97     -52.9227
      98     -83.9896
      99     -54.2276
     100     -63.3614
     101     -72.3994
     102     -46.4566
     103     -61.2246
     104     -66.4241
     105     -58.2930
     106     -59.7077
     107     -58.9451
     108     -54.9703
     109     -56.9403
     110     -36.9723
     111     -64.7382
     112     -36.4077
     113     -61.8395
     114     -53.9511
     115     -71.2614
     116     -64.4438
     117      54.3161
     118      88.5631
     119     -70.9742
     120     -48.8537
     121     -37.2932
     122      79.7687
     123      89.3388
     124      65.5960
     125     116.1134
     126      84.5157
     127      88.6220
     128     -94.4152
     129       0.6389
     130     -15.4772
     131     -48.6506
     132     164.8773
     133      50.4366
     134      46.9828
     135     -50.6691
     136     -77.1020
     137     -74.2642
     138      96.7476
     139      58.5198
     140      74.8585
     141      90.7167
     142      77.7070
     143      82.0280
     144      85.9712
     145      58.9212
     146     -64.1588
     147     -48.7119
     148     -46.7834
     149      83.5916
     150      69.3140
     151     110.6645
     152      79.1099
     153    -160.7035
     154     -71.6526
     155     -49.3500
     156     -49.6138
     157     -66.7383
     158     -62.9987
     159     -28.6903
     160      64.1459
     161     -72.9831
     162     -49.1870
     163     -82.6205
     164     -56.0184
     165     -52.2070
     166     115.4705
     167     149.5587
     168     -45.3806
     169      71.3895
     170      57.9873
     171     -89.3521
     172     -62.3681
     173     -88.8961
     174     -31.1609
     175     -81.4340
     176     -48.5155
     177     -40.9013
     178     -73.7015
     179     -62.7681
     180     -63.4228
     181     -30.8372
     182     -41.1594
     183     -37.7394
     184     -88.3315
     185     -85.4541
     186     -44.5608
     187     -57.8678
     188     -57.4744
     189     -45.4392
     190     -58.7760
     191     -58.2034
     192      -3.5707
     193     -73.2412
     194     -68.3705
     195     -74.7059
     196     -52.5558
     197     -52.6164
     198      72.2810
     199      30.8887
     200      70.4314
     201      55.3312
     202      86.3337
     203      59.5069
     204     133.9123
     205      65.7987
     206      74.0391
     207     -74.1757
     208     -25.3704
     209     -50.8528
     210     -48.0740
     211     -26.9511
     212     -36.0490
     213     -64.1678
     214    -100.8392
     215      45.9499
     216     119.5033
     217      46.0885
     218     -72.9374
     219      87.8434
     220      43.2728
     221     -58.8683
     222    -159.7862
     223     -27.9853
     224     -32.0054
     225     -33.2920
     226     -84.6846
     227      15.0179
     228     -58.6018
     229     -48.8805
     230      -3.4276
     231     -58.5933
     232     -25.2007
     233      72.6500
     234     -19.3525
     235      39.1641
     236      78.2239
     237      77.9566
     238      -4.1837
     239     147.5443
     240     -43.8093
     241      51.5955
     242      73.4133
     243     -37.2814
     244     -37.3584
     245     -49.4432
     246      57.7508
     247      69.7991
     248      94.0221
     249      79.2005
     250      74.3021
     251      85.4640
     252     -74.8189
     253     -60.9597
     254     -82.2635
     255      37.9732
     256     -70.0245
     257     -57.6568
     258     -56.1853
     259     -44.6556
     260     -68.1506
     261     -59.8068
     262     -50.1609
     263     -52.3598
     264     -47.8646
     265     -61.0195
     266     -68.9730
     267     -45.7375
     268     -58.3222
     269     -71.0969
     270     -57.2391
     271     -51.9273
     272     -49.4294
     273      88.4530
     274      71.2634
     275      65.4769
     276     -46.2308
     277     -58.0886
     278     -26.3623
     279    -121.3210
     280     -60.3015
     281     -79.3375
     282     -68.1535
     283     -57.5610
     284     -71.3491
     285     -77.6160
     286     -61.4853
     287     -67.4344
     288     -59.9949
     289      77.5085
     290      82.7150
     291      93.0572
     292      76.4009
     293      76.7554
     294     -42.0145
     295     -61.8574
     296     -74.8802
     297     -71.9914
     298     -41.9041
     299     -65.8322
     300     -57.3908
     301     -67.1980
     302      59.2401
     303     -56.1079
     304     -81.1207
     305     -21.3759
     306     -59.1351
     307     -52.4669
     308     -70.9838
     309     -61.7830
     310     -50.0512
     311     -47.5693
     312     -55.7936
     313     -65.4394
     314     -50.8156
     315      64.5588
     316      58.4647
     317      50.7912
     318     151.5344
     319      79.6581
     320      75.8602
     321     120.2499
     322      78.5617
     323     -53.0077
     324      95.2846
     325      82.6429
     326      65.2066
     327     110.8505
     328     118.3910
     329      85.7713
     330      60.2946
     331      86.2773
     332     -59.3946
     333     -59.8469
     334     -52.3979
     335     -58.6015
     336     -56.1893
     337      81.1744
     338      74.9266
     339      73.3589
     340      78.7499
     341     -84.9035
     342     -58.0778
     343     -66.6176
     344     -60.6629
     345     -63.6829
     346      93.9938
     347      63.4240
     348      60.2238
     349      64.6678
     350      74.5649
     351      63.8370
     352     138.4700
     353      74.8697
     354      88.8170
     355      88.4088
     356      35.4959
     357      66.3445
     358      59.5198
     359      77.8633
     360     127.1188
     361      76.1928
     362     -58.3965
     363      50.1873
     364      77.6056
     365      88.6513
     366      50.5266
     367     -66.7837
     368     -51.0083
     369     122.8908
     370     -48.1625
     371     -31.8110
     372     -95.9509
     373     -55.7187
     374      68.3325
     375      32.3653
     376      15.6626
     377     -27.9307
     378     -39.9494
     379     -32.5834
     380     -75.9920
     381      80.4873
     382      71.3491
     383      86.2421
     384      58.7323
     385      70.3468
     386      99.8419
     387      76.6609
     388      58.7402
     389     -74.5926
     390     -45.6709
     391     -60.8213
     392     -53.5871
     393     -56.5436
     394     -88.5138
     395     -69.2858
     396     -44.4998
     397     -55.0200
     398     -51.1157
     399    -111.8277
     400     -73.5114
     401      79.7491
     402     -59.3813
     403     -67.1086
     404     -78.1757
     405     -52.2731
     406     -71.4602
     407     -57.0522
     408     -77.5309
     409     -81.8116
     410     -70.4712
     411     -79.8458
     412     -50.7041
     413     -47.6368
     414     -53.2018
     415     -50.2180
     416      50.9119
     417      -9.6021
     418    -108.7096
     419     -81.1178
     420     -24.9326
     421      88.9416
     422      99.3659
     423       5.0052
     424     -45.9097
     425     -47.5867
     426     -80.8478
     427     120.4288
     428      61.7520
     429     -54.4498
     430     -78.2156
     431     -73.1323
     432     131.6570
     433      85.3710
     434     119.0498
     435     122.5534
     436     -52.7286
     437      78.7535
     438      66.8921
     439      58.4137
     440      75.9935
     441      98.5964
     442      59.0489
     443      40.2764
     444     -42.7171
     445     -56.9442
     446     -75.5308
     447     -62.0182
     448     -83.7393
     449     -63.8442
     450     -59.4550
     451     -63.5071
     452     -81.5421
     453     -61.1965
     454     -34.1047
     455     -50.3691
     456     -51.4460
     457     -61.8933
     458     -58.3605
     459    -149.7932
     460     -64.8360
     461     -58.9634
     462     -80.9049
     463     -48.3762
     464     -63.5213
     465     -67.0576
     466     -57.9809
     467     -60.3451
     468      68.5520
     469     106.5392
     470      83.3240
     471      38.9314
     472     -48.9805
     473     -57.5650
     474     -59.2390
     475     -58.9192
     476     -59.5425
     477     -74.1630
     478      55.4332
     479     -64.0340
     480     -62.7778
     481     -58.3387
     482     -68.2472
     483     -55.8568
     484     -70.6074
     485     -65.2372
     486     -60.2799
     487     -43.8388
     488     -71.0193
     489     -58.2582
     490     -57.8121
     491     -38.4393
     492     -38.1740
     493     -60.0126
     494     -57.6297
     495     -62.2973
     496     -59.5398
     497     -70.5914
     498     -81.1268
     499     -63.6148
     500     -83.3248
     501      78.1695
     502     -61.9945
     503      74.0419
     504      47.8799
     505    -138.4373
     506       2.1719
     507     -11.6975
     508     -32.8440
     509      20.8921
     510      51.3505
     511    -135.3861
     512      -6.8975
     513      55.1622
     514      97.3780
     515      61.7507
     516      90.5993
     517      64.1964
     518     -78.7524
     519     -73.3129
     520     -56.4367
     521     -70.3013
     522     -51.3334
     523     -68.7942
     524     -66.6736
     525     -59.9892
     526     -63.9718
     527     -75.9347
     528     -62.6512
     529     -37.2160
     530     -49.8531
     531     -65.5833
     532     -49.4382
     533     -61.5778
     534     -61.1931
     535     -35.3262
     536     -53.6474
     537     -64.6636
     538     -37.1521
     539      66.2082
     540      94.8870
     541      79.1078
     542      75.9051
     543     137.9759
     544      59.0005
     545      62.8101
     546      53.1323
     547      84.1498
     548      77.8570
     549      70.1504
     550     -89.0344
     551      31.5913
     552     -50.3471
     553      69.5330
     554    -115.2533
     555    -166.2106
     556      50.1734
     557      90.4996
     558     150.5547
     559     -46.0745
     560     -30.9143
     561     -29.8536
     562      69.6280
     563      34.8069
     564     -39.4007
     565      -0.6115
     566     157.7254
     567      41.3419
     568      37.2226
     569      66.3226
     570     134.2199
     571     125.2986
     572      96.9505
     573      75.5292
     574     -58.3988
     575     -63.2392
     576     -70.1014
     577     -64.0466
     578     -49.6212
     579     -59.4003
     580     -70.7665
     581     -63.5624
     582     -55.0123
     583     -54.3580
     584     -30.2446
     585      86.9650
     586     -44.2683
     587      42.0122
     588     -28.2787
     589     143.7512
     590      66.4899
     591     -40.3190
     592      24.8175
     593     123.0508
     594    -102.7480
     595      32.8244
     596     -31.6957
     597      67.9013
     598     -33.6619
     599     -60.1161
     600      59.5405
     601      91.3650
     602      67.0176
     603     131.9541
     604      60.0717
     605     -49.5571
     606     -24.0795
     607     -70.2221
     608     -32.3437
     609      -2.4165
     610     -54.9162
     611     -75.6180
     612      43.5231
     613      88.6456
     614      94.7830
     615      77.0433
     616     140.4142
     617      83.6586
     618     103.0002
     619     103.6013
     620      86.1949
     621      70.3012
     622     -64.0844
     623     -63.7657
     624     -53.8399
     625     -56.8167
     626     -47.3680
     627     -76.9334
     628     -26.9429
     629     -58.7459
     630     -70.0948
     631     -62.4174
     632     113.5541
     633      38.6253
     634     -64.8221
     635      95.7952
     636      70.6658
     637     117.3808
     638      64.0894
     639     -18.0982
     640    -103.5398
     641     -52.7967
     642     -41.0881
     643     -53.5981
     644      77.4997
     645     -35.8497
     646     -47.3952
     647     -99.4081
     648      50.6995
     649     -29.8498
     650     -41.0478
     651     -73.6695
     652     -56.8399
     653     -73.2164
     654     -67.9973
     655     -60.2325
     656     -55.7391
     657     -67.4465
     658     -63.7811
     659     -54.5865
     660     -69.6230
     661     -76.5507
     662      90.4581
     663      68.2302
     664      87.6335
     665      80.4437
     666      79.8524
     667     -54.3207
     668     -80.0125
     669      11.7960
     670     -55.8769
     671     -85.9678
     672     -74.4149
     673     -64.2640
     674     -51.3644
     675     -62.4896
     676    -167.7352
     677     -84.6915
     678      -2.4983
     679     -57.8887
     680       6.0960
     681     -59.2387
     682     -49.3096
     683     -53.8460
     684     -66.3702
     685      11.0372
     686     -57.8125
     687     -58.7076
     688      38.7464
     689      66.0295
     690     -57.6875
     691      61.4173
     692     121.7817
     693     132.8405
     694     -70.0540
     695     -44.8083
     696      98.6391
     697      71.2420
     698     -65.9069
     699    -152.9833
     700      61.2672
     701      89.6877
     702     101.9959
     703      91.5112
     704      41.2166
     705      93.1320
     706     102.4292
     707     179.5509
     708      68.3004
     709     115.1400
     710      76.4249
     711     -62.5710
     712     -59.3845
     713     -77.6728
     714     -55.9830
     715    -131.9881
     716     -32.7317
     717     -53.1357
     718     -61.0587
     719     -58.9826
     720     -52.1713
     721      -4.6906
     722     149.8720
     723      69.4628
     724      82.7366
     725     127.4568
     726     -67.0077
     727     -78.0277
     728     100.9529
     729      70.5355
     730     -79.2951
     731      19.7752
     732     -72.6238
     733     -27.1846
     734     -79.0007
     735     -55.8727
     736    -140.5001
     737     -44.5215
     738     -53.5690
     739     -76.7576
     740     -72.8199
     741     -57.8000
     742     -57.3376
     743     -93.0005
     744     -57.9285
     745     -43.4221
     746     -74.0496
     747     -75.2043
     748     -61.5467
     749     -70.2287
     750     -49.3547
     751     -85.0076
     752     -65.6271
     753     -70.0975
     754      68.1451
     755     -59.1251
     756     -67.1859
     757     -47.5916
     758     -34.5185
     759      59.6615
     760      68.6004
     761      68.8330
     762      69.4300
     763     104.5324
     764      58.5626
     765      85.4764
     766      85.3897
     767      88.3418
     768      47.9683
     769     -59.9484
     770     -76.4201
     771     -81.2728
     772     -68.3588
     773     -70.9888
     774     -72.2612
     775     -57.6690
     776      15.7633
     777     -43.9398
     778     -52.8857
     779     -56.3994
     780      66.3430
     781     -27.8701
     782     -79.7079
     783     -57.3761
     784     -48.2543
     785     -46.1965
     786     -49.4060
     787     -63.9025
     788     -70.3370
     789     -55.3112
     790     -64.6695
     791      77.2486
     792     151.1931
     793     132.4140
     794      65.3635
     795      73.0913
     796      83.5244
     797      89.1836
     798      97.5987
     799      67.9698
     800      71.1727
     801      40.9426
     802     -67.5227
     803     -71.7842
     804     -58.2606
     805     110.2745
     806     127.5996
     807     -49.2051
     808    -130.3344
     809      96.7235
     810      84.8988
     811     152.7551
     812     -56.7154
     813     -71.6319
     814     -39.1442
     815     -52.2192
     816     -78.2969
     817     -43.8187
     818     -64.1934
     819     -71.6602
     820     -79.8392
     821    -103.3806
     822      77.4466
     823      63.2071
     824     -49.8824
     825    -141.9015
     826      85.1325
     827     -76.9878
     828     -57.7865
     829     -70.3870
     830     -62.6022
     831     -43.6026
     832     -61.7648
     833     -57.4730
     834     -59.1306
     835     -77.3662
     836     -70.1385
     837     -69.3307
     838     -50.4185
     839     -69.6961
     840    -118.4770
     841     -60.1311
     842     -28.4377
     843     -80.5148
     844      81.6078
     845     -39.8456
     846      47.9951
     847      78.5975
     848     101.8243
     849     -37.5626
     850     -46.2961
     851     -63.3713
     852     -38.1031
     853      26.6359
     854      78.3871
     855     -23.1616
     856     -48.1910
     857      -3.3450
     858      28.8080
     859     -18.0952
     860     -50.3697
     861     -88.3969
     862      17.3999
     863     -11.9463
     864      56.0291
     865      62.6967
     866     143.5562
     867      48.5997
     868     -28.0430
     869      -0.6837
     870     116.2395
     871      -5.7970
     872     -56.7970
     873      72.2662
     874      79.3738
     875      40.4470
     876      74.9319
     877      85.7548
     878     -77.2958
     879     -53.3825
     880     -67.5298
     881     -69.6407
     882     -42.1506
     883     162.0260
     884     -15.8425
     885     114.4402
     886     -58.0378
     887     -63.3873
     888      58.6776
     889     142.4745
     890      60.3694
     891      80.0527
     892      84.9857
     893      76.1453
     894      63.3753
     895     105.5241
     896      62.1804
     897      71.1287
     898      74.3078
     899      43.1170
     900      51.5331
     901      46.2809
     902     -20.6032
     903      -6.8203
     904     -52.6033
     905     -49.6423
     906     -50.4253
     907     -72.7576
     908     -57.2074
     909      13.4266
     910     -54.9856
     911     -75.6635
     912     -50.3062
     913     -12.7192
     914     -21.6995
     915     -54.8451
     916      46.6261
     917      77.0031
     918     -70.9658
     919     -68.6547
     920      71.8508
     921      72.7100
     922      70.6397
     923     121.5431
     924     123.4073
     925      51.6994
     926     -52.5988
     927      80.3888
     928      61.8229
     929     -50.3506
     930     -76.7526
     931     -69.1829
     932     -66.4827
     933     -57.0129
     934     -69.1933
     935     -85.7008
     936     -66.5779
     937      96.1429
     938     147.9047
     939     -35.5193
     940     -72.5075
     941     -56.6018
     942     -52.1137
     943     -49.7264
     944     -72.5655
     945     -41.5820
     946     -72.8163
     947     -38.2760
     948     -51.6191
     949     -66.7606
     950     -37.7246
     951     -58.5520
     952     -76.5099
     953     -40.8751
     954       6.0541
     955     -43.3684
     956      -3.7047
     957     -47.5481
     958      63.9551
     959     165.0651
     960     113.4786
     961      52.5026
     962      74.4038
     963     -65.6341
     964     -87.6747
     965     -63.4905
     966     -49.5485
     967     -70.2563
     968      36.0706
     969      76.4941
     970      58.2317
     971      70.8606
     972     101.5662
     973      82.2857
     974     -58.0381
     975     -31.0678
     976     -65.8417
     977    -137.6892
     978     -75.1903
     979     -46.9250
     980     -45.6218
     981     -60.7442
     982     -61.9149
     983     -75.0993
     984      93.9881
     985     148.4999
     986      95.2889
     987      96.3601
     988      86.4539
     989     155.3571
     990      89.1240
     991      79.0395
     992      75.1055
     993     112.2936
     994     -23.7137
     995     -56.1674
     996      63.0424
     997     -68.0378
     998     -71.7045
     999     -12.9391
    1000     -66.7935
    1001     -55.4243
