-180	1.4516365659503814
-179	1.4614730415230766
-178	1.4720708175775952
-177	1.483411755396629
-176	1.4954721085362688
-175	1.5082225313090163
-174	1.521628207771968
-173	1.5356491125997243
-172	1.5502404117675308
-171	1.5653530065199681
-170	1.580934218766048
-169	1.5969286100445905
-168	1.613278919887528
-167	1.6299271032349878
-166	1.6468154410879052
-165	1.6638876944496512
-164	1.6810902694449736
-163	1.6983733618849883
-162	1.7156920528937878
-161	1.7330073337104839
-160	1.750287047300617
-159	1.76750674645602
-158	1.7846504817550486
-157	1.8017115468727722
-156	1.8186932217939291
-155	1.835609564892173
-154	1.8524863110556105
-153	1.8693619337655754
-152	1.8862889234051117
-151	1.903335321789886
-150	1.9205865343382786
-149	1.9381474174582622
-148	1.9561446112554475
-147	1.9747290586487471
-146	1.9940786237724784
-145	2.0144006975417414
-144	2.0359346586683102
-143	2.058954046048193
-142	2.0837682945533222
-141	2.110723891438597
-140	2.1402048247123786
-139	2.1726322171264916
-138	2.2084630685414317
-137	2.248188063469878
-136	2.2923284374452506
-135	2.341431933219553
-134	2.3960679134234066
-133	2.4568217281774998
-132	2.5242884625179167
-131	2.5990662081061653
-130	2.6817490157479837
-129	2.7729196894604247
-128	2.8731425794131087
-127	2.9829565206732553
-126	3.1028680483124416
-125	3.23334499835964
-124	3.3748105797478805
-123	3.527637976301757
-122	3.6921455114234574
-121	3.868592382822034
-120	4.0571749515963935
-119	4.258023550221002
-118	4.4711997582606635
-117	4.69669408348527
-116	4.93442397976284
-115	5.184232131754776
-114	5.445884939892194
-113	5.719071147062609
-112	6.003400560403814
-111	6.298402836963284
-110	6.603526319992478
-109	6.918136932464978
-108	7.2415171551280775
-107	7.5728651370813855
-106	7.911294006592577
-105	8.25583146773276
-104	8.605419783658155
-103	8.958916259332517
-102	9.315094344692078
-101	9.672645483398279
-100	10.030181832284704
-99	10.386239972426539
-98	10.739285724617481
-97	11.087720170184568
-96	11.429886962778262
-95	11.764080998286339
-94	12.088558488489054
-93	12.401548459546376
-92	12.70126566881556
-91	12.985924902685616
-90	13.2537565839094
-89	13.503023579208026
-88	13.732039056793491
-87	13.939185199279008
-86	14.122932531012497
-85	14.281859571459641
-84	14.414672479699565
-83	14.520224311719806
-82	14.59753347478761
-81	14.64580093480283
-80	14.664425716352023
-79	14.653018234153633
-78	14.611411011213523
-77	14.539666375048245
-76	14.438080779521366
-75	14.307185475703177
-74	14.147743348909568
-73	13.960741847560497
-72	13.747382048343699
-71	13.509064025966998
-70	13.247368818414172
-69	12.964037393651052
-68	12.660947124857275
-67	12.340086362771297
-66	12.003527750940021
-65	11.65340095925631
-64	11.291865511502811
-63	10.9210843538557
-62	10.543198755403989
-61	10.160305052354687
-60	9.77443364977852
-59	9.387530584609678
-58	9.001441837845835
-57	8.617900469313094
-56	8.23851654140203
-55	7.86476970446768
-54	7.498004240552769
-53	7.139426306729268
-52	6.790103086051735
-51	6.450963542666618
-50	6.122800486312709
-49	5.80627367728488
-48	5.501913741942769
-47	5.210126716432359
-46	4.931199087620543
-45	4.6653032506310765
-44	4.412503347606708
-43	4.172761488963788
-42	3.9459443839743242
-41	3.7318304206109443
-40	3.5301172349328516
-39	3.340429798633574
-38	3.1623290313844765
-37	2.9953209146872144
-36	2.8388660489822732
-35	2.6923895588892863
-34	2.555291215821003
-33	2.4269556157401055
-32	2.3067622250275512
-31	2.194095091254676
-30	2.0883520093929353
-29	1.988952938247071
-28	1.8953474765528389
-27	1.8070212324847519
-26	1.7235009529558079
-25	1.6443583182973736
-24	1.5692123516069545
-23	1.4977304379963425
-22	1.4296279948815522
-21	1.36466687814502
-20	1.3026526484955683
-19	1.2434308559798082
-18	1.1868825270551064
-17	1.132919057022846
-16	1.0814767204698832
-15	1.032511013620392
-14	0.985991035492874
-13	0.9418941001649161
-12	0.9002007512360697
-11	0.8608903229355842
-10	0.8239371615922656
-9	0.7893075878043109
-8	0.7569576450805139
-7	0.7268316464029831
-6	0.698861497435929
-5	0.6729667452005424
-4	0.6490552750164692
-3	0.6270245572495634
-2	0.6067633295642038
-1	0.5881535903878716
0	0.5710727753471249
1	0.5553959904740284
2	0.5409981837134862
3	0.5277561491532882
4	0.5155502757006413
5	0.5042659727001274
6	0.49379472813032366
7	0.48403477931989386
8	0.4748914003209313
9	0.46627683290277033
10	0.45810990838675253
11	0.4503154241695915
12	0.4428233509158185
13	0.4355679534269327
14	0.42848690980039694
15	0.42152050968096677
16	0.4146110035130785
17	0.4077021613713817
18	0.40073908309725703
19	0.39366828224040673
20	0.38643804597826265
21	0.37899905310223464
22	0.3713052136260254
23	0.36331467777215454
24	0.354990950009383
25	0.34630403615663596
26	0.33723154873252925
27	0.3277596977693126
28	0.31788410094609854
29	0.30761035754196137
30	0.2969543445223081
31	0.28594220902273454
32	0.2746100484490237
33	0.26300328621729646
34	0.2511757667284386
35	0.23918860656273735
36	0.2271088493562727
37	0.21500797889061957
38	0.20296034837283083
39	0.19104158375470046
40	0.17932701553923502
41	0.16789018735830208
42	0.15680148134570124
43	0.1461268907368322
44	0.13592695999254448
45	0.126255902831333
46	0.11716089953378939
47	0.10868156729689428
48	0.10084959164099001
49	0.09368850310778852
50	0.08721358175253974
51	0.08143187208004102
52	0.07634229281361926
53	0.07193582882226753
54	0.06819579619973704
55	0.065098175400716
56	0.06261201101849409
57	0.06069987981295858
58	0.05931843062732692
59	0.05841900063193486
60	0.0579483117877918
61	0.057849249538659345
62	0.058061722643363824
63	0.05852359898004829
64	0.05917170740591788
65	0.059942890713772755
66	0.060775089794659974
67	0.06160843469887613
68	0.062386314760509404
69	0.06305639763262832
70	0.06357156621113137
71	0.06389074314950251
72	0.06397957502287563
73	0.06381095211813871
74	0.063365345133985
75	0.06263094650586681
76	0.06160361128710461
77	0.06028660012956759
78	0.05869013450126048
79	0.05683078144231628
80	0.054730691513066886
81	0.05241671879918557
82	0.049919455653794916
83	0.047272217106985766
84	0.044510010487083126
85	0.04166852479970831
86	0.038783171916106085
87	0.0358882078272589
88	0.03301595738478416
89	0.030196160377528876
90	0.02745545081094943
91	0.024816975192774485
92	0.02230014979203307
93	0.019920551501709113
94	0.01768993232030467
95	0.015616343737336117
96	0.013704354561322196
97	0.011955344001606957
98	0.010367851083606322
99	0.008937961665553345
100	0.007659715317216878
101	0.006525515971786747
102	0.005526532408611123
103	0.004653077099124876
104	0.003894954589081881
105	0.003241773249458728
106	0.002683216779510407
107	0.002209274187090774
108	0.0018104290293841044
109	0.0014778104245619756
110	0.0012033097196140566
111	0.0009796677215170365
112	0.0008005380853712263
113	0.000660532834370793
114	0.0005552561007939036
115	0.00048133206652580765
116	0.000436432787558671
117	0.0004193111475154559
118	0.0004298436326899839
119	0.0004690869801439063
120	0.0005393520377421474
121	0.0006442973993567144
122	0.0007890445413407632
123	0.0009803152834256378
124	0.0012265914200127275
125	0.0015382953060954962
126	0.0019279890259424606
127	0.0024105885155232356
128	0.0030035876506897836
129	0.0037272858602923663
130	0.004605011296241553
131	0.005663330024841128
132	0.006932230146067691
133	0.008445268269105634
134	0.010239664462433318
135	0.012356330763930088
136	0.014839817707672082
137	0.017738163240195916
138	0.02110262900829371
139	0.024987310448702456
140	0.029448609527686975
141	0.034544562464073884
142	0.04033401937099538
143	0.046875678447610626
144	0.0542269840318172
145	0.062442905274189234
146	0.07157462008616496
147	0.0816681369165712
148	0.09276289429073377
149	0.10489038431299204
150	0.11807285087547323
151	0.13232211556198337
152	0.14763858371877486
153	0.16401047958595216
154	0.18141335267128547
155	0.19980988789049617
156	0.21915003985404702
157	0.23937149775863162
158	0.26040047254533477
159	0.28215278333267463
160	0.30453520665236283
161	0.3274470406496636
162	0.350781827915293
163	0.37442917549194726
164	0.3982766090489652
165	0.42221140014512337
166	0.44612231053237883
167	0.46990120500887705
168	0.493444493685554
169	0.5166543749081739
170	0.5394398607168619
171	0.5617175769533463
172	0.5834123393966657
173	0.6044575152292204
174	0.6247951854737925
175	0.6443761287133745
176	0.6631596494495167
177	0.6811132760079907
178	0.6982123531648254
179	0.7144395538792946
180	0.7297843329321265
