HEADER
1 -69.3530
31 -62.6472
61 -21.0000
91 -49.0646
121 -77.7035
151 -74.4816
181 -30.3318
211 -144.7268
241 -83.3682
271 -80.7318
301 -84.9690
331 -78.4604
361 -70.1963
391 -95.8130
421 -51.8546
451 -80.4122
481 -88.3092
511 -92.4926
541 -96.5387
571 -129.8002
601 -86.6188
631 -171.6601
661 -37.5715
691 165.0584
721 -93.1389
751 -73.2139
781 -89.1666
811 -26.3246
841 -65.1031
871 -58.7068
901 -78.5350
931 -1.5609
961 -85.2073
991 -64.4173
1021 -75.4658
1051 -103.5714
1081 -137.8011
1111 -100.2592
1141 -25.8106
1171 -52.9369
1201 -156.2063
1231 -160.0865
1261 -56.4251
1291 -57.0461
1321 -74.4038
1351 -88.1146
1381 -80.5211
1411 -88.3194
1441 -76.8214
1471 -108.2585
1501 -59.8822
1531 -85.9411
1561 -178.6154
1591 -50.7768
1621 -83.0969
1651 -91.8596
1681 -70.8873
1711 -82.1971
1741 -165.6875
1771 -51.5975
1801 -117.4244
1831 -59.7291
1861 -143.0137
1891 -118.7487
1921 -41.9048
1951 -92.9779
1981 -81.2043
2011 29.0778
2041 -137.7248
2071 -148.2522
2101 -81.5994
2131 -53.5083
2161 -79.4355
2191 -65.9834
2221 -109.9171
2251 -83.9950
2281 -78.9643
2311 -104.9127
2341 -69.7212
2371 -103.2778
2401 -141.8425
2431 -106.8998
2461 -94.6934
2491 -85.8286
2521 -88.8198
2551 -78.7400
2581 -91.7343
2611 -116.8923
2641 -78.7403
2671 176.8142
2701 -97.9166
2731 -82.3498
2761 -88.4290
2791 -89.9542
2821 -18.4417
2851 -67.7482
2881 -73.3352
2911 -73.8640
2941 -82.1981
2971 -105.5461
3001 -64.9209
3031 -95.1762
3061 -51.7544
3091 -81.7204
3121 -78.9943
3151 -75.8481
3181 -69.1638
3211 -85.5702
3241 -74.5558
3271 -94.2267
3301 -69.4003
3331 -81.9966
3361 -101.9635
3391 -83.2418
3421 -89.6098
3451 -69.3116
3481 -44.4861
3511 -49.5053
3541 -91.3613
3571 -93.2233
3601 -99.4963
3631 -47.9199
3661 -52.3613
3691 -56.2188
3721 -66.9371
3751 -108.7059
3781 -67.9610
3811 -11.8822
3841 -89.5418
3871 -104.4727
3901 -96.4810
3931 -128.6983
3961 -110.4046
3991 -174.6081
4021 -63.3971
4051 -66.0387
4081 -86.4714
4111 -45.6020
4141 -32.2102
4171 -93.9366
4201 -71.2997
4231 -53.9776
4261 -96.2850
4291 -136.9607
4321 -87.3451
4351 -70.3614
4381 -78.5563
4411 -99.3451
4441 -63.8885
4471 -68.4035
4501 -162.2865
4531 -85.7377
4561 -90.4705
4591 -114.8498
4621 -114.1572
4651 -71.8973
4681 -97.0902
4711 -77.0493
4741 -69.5363
4771 -105.6724
4801 -73.0829
4831 -76.4161
4861 -121.4457
4891 -89.0814
4921 -53.1910
4951 -79.4125
4981 -168.4240
5011 -91.0622
5041 -51.1209
5071 -94.8958
5101 -95.2772
5131 -77.4434
5161 -95.3161
5191 -121.7788
5221 -75.3236
5251 -61.7849
5281 -91.5314
5311 -123.3026
5341 -83.0383
5371 -105.8640
5401 -84.9705
5431 -102.7609
5461 -76.3102
5491 -97.8051
5521 -17.4435
5551 -137.2583
5581 -95.9604
5611 -69.5140
5641 -55.8002
5671 -79.9426
5701 -98.4259
5731 -71.6979
5761 -80.5673
5791 -82.8903
5821 -79.0729
5851 -88.8398
5881 -65.6900
5911 -62.9249
5941 -163.9897
5971 -125.5444
6001 -63.5686
6031 -63.0128
6061 -32.2276
6091 -169.9487
6121 -163.7283
6151 -20.1420
6181 -78.3986
6211 -96.4777
6241 -87.0729
6271 -78.0713
6301 -82.4353
6331 -68.6391
6361 -86.8508
6391 7.6087
6421 -109.4736
6451 -60.6137
6481 175.7794
6511 -106.0860
6541 -103.0503
6571 -40.9299
6601 -76.4054
6631 -179.6651
6661 -111.9604
6691 24.1499
6721 -65.7987
6751 -46.5512
6781 -72.9827
6811 -85.1495
6841 -98.8541
6871 -76.6900
6901 -77.0731
6931 -76.8776
6961 -134.0801
6991 -67.6114
7021 -153.4783
7051 -68.7566
7081 -63.2786
7111 174.4309
7141 172.7527
7171 -78.2516
7201 -110.6948
7231 169.4757
7261 -93.5920
7291 -84.0659
7321 -87.2853
7351 -57.9482
7381 -65.3363
7411 -58.2528
7441 -68.7554
7471 -74.2801
7501 -79.0213
7531 -98.4026
7561 -86.3055
7591 -74.6204
7621 -82.6538
7651 -106.5881
7681 -81.4321
7711 -91.1704
7741 -96.8604
7771 -70.6505
7801 -83.7968
7831 -90.4479
7861 -63.0526
7891 -106.0171
7921 -90.6058
7951 -90.6484
7981 -76.0529
8011 -70.5609
8041 -82.3393
8071 -88.8769
8101 -75.8067
8131 -85.9109
8161 -61.5256
8191 -49.2395
8221 -62.9693
8251 -78.6087
8281 -112.8753
8311 -75.1975
8341 -39.7015
8371 -144.8444
8401 -104.0511
8431 -77.0828
8461 -75.9400
8491 -110.2132
8521 -101.9463
8551 -91.0110
8581 -65.9033
8611 -61.7807
8641 -31.5179
8671 -89.8058
8701 -68.0778
8731 -98.7375
8761 -69.9966
8791 -69.8304
8821 -58.0388
8851 -73.9876
8881 -90.2486
8911 -126.0694
8941 -78.4881
8971 -81.9379
9001 -76.3357
9031 -70.9355
9061 -109.1489
9091 -73.7089
9121 -71.8082
9151 -114.5619
9181 -81.9689
9211 -64.9854
9241 -86.6433
9271 -65.4436
9301 -73.2990
9331 -89.5867
9361 -101.0576
9391 -84.2940
9421 -144.5761
9451 -152.7221
9481 178.5129
9511 177.2182
9541 -79.0880
9571 -83.2515
9601 -72.0604
9631 -156.0452
9661 -70.7059
9691 -56.4031
9721 -46.1664
9751 -118.8167
9781 -93.2282
9811 -63.2018
9841 -42.6165
9871 -44.3363
9901 -47.3497
9931 -90.1059
9961 -51.0866
9991 -71.1742
10021 -70.1127
10051 -70.0785
10081 -70.8152
10111 -53.2074
10141 -175.7761
10171 5.0466
10201 -75.6112
10231 -91.6863
10261 -88.9651
10291 -104.6213
10321 26.2643
10351 -50.6756
10381 -62.9663
10411 -59.2393
10441 -111.6764
10471 -68.9390
10501 -107.6958
10531 -79.3156
10561 -71.0590
10591 -72.3300
10621 -49.9819
10651 -95.3203
10681 -55.0956
10711 -57.1044
10741 -98.3874
10771 -99.2900
10801 -55.2857
10831 -87.3579
10861 -137.0818
10891 -161.9836
10921 -37.4181
10951 -45.0345
10981 8.6922
11011 -73.1445
11041 -140.7956
11071 -72.8776
11101 -92.4572
11131 -94.5504
11161 -76.0080
11191 -66.9038
11221 -78.0844
11251 -70.7479
11281 -130.7251
11311 -83.7153
11341 -121.5550
11371 -123.4320
11401 -159.0647
11431 -46.9197
11461 -86.8610
11491 -104.8158
11521 -52.4317
11551 -66.8231
11581 -40.9985
11611 -36.2774
11641 -26.2435
11671 -76.8658
11701 -82.5528
11731 -113.5551
11761 -110.6140
11791 -110.2956
11821 -87.5807
11851 -71.8647
11881 -101.4129
11911 -81.6116
11941 -48.9666
11971 -112.3873
12001 -56.2653
12031 -62.7693
12061 -69.2151
12091 -66.9830
12121 -114.1174
12151 -75.7721
12181 -69.5151
12211 -54.1433
12241 -77.2070
12271 -80.6896
12301 -100.9097
12331 -120.6155
12361 -73.0487
12391 -75.2853
12421 -99.2584
12451 -55.3247
12481 -74.4287
12511 29.6676
12541 -52.4838
12571 -89.1125
12601 -142.4355
12631 -157.8613
12661 -79.8733
12691 32.3691
12721 -88.2244
12751 -99.9038
12781 -85.5156
12811 -49.8983
12841 -96.7389
12871 -121.8135
12901 -85.2342
12931 -81.9612
12961 -139.7021
12991 -147.3642
13021 -139.1249
13051 -81.7363
13081 -149.4093
13111 -17.2719
13141 -166.9011
13171 -50.9587
13201 -139.4313
13231 -84.3678
13261 -100.2983
13291 -82.6643
13321 -77.7629
13351 -87.3458
13381 -80.5670
13411 -76.1847
13441 -115.2755
13471 -80.2229
13501 -62.4468
13531 -98.5857
13561 -110.6725
13591 -89.5063
13621 -100.6893
13651 -72.3001
13681 -67.5328
13711 -94.5688
13741 -79.3648
13771 -96.1667
13801 -67.7014
13831 -78.5317
13861 -73.8476
13891 -112.5225
13921 -106.1954
13951 -91.4698
13981 -69.5142
14011 -60.8977
14041 -108.1667
14071 -61.1561
14101 -151.4782
14131 -65.5422
14161 -44.9586
14191 -101.7481
14221 -78.3408
14251 -74.2562
14281 -92.3358
14311 -87.7361
14341 -92.2241
14371 -107.9493
14401 -69.6891
14431 -76.7177
14461 -76.2307
14491 -85.7507
14521 -101.5156
14551 -100.2897
14581 -106.9421
14611 -90.3623
14641 -92.3158
14671 -87.1273
14701 -76.6730
14731 -82.1739
14761 -2.6730
14791 -71.6267
14821 -100.4824
14851 -105.8505
14881 -109.1001
14911 -89.7001
14941 -87.5360
14971 -89.5194
15001 -68.4263
15031 -101.7304
15061 -154.4863
15091 -66.9522
15121 -26.5167
15151 -72.1294
15181 -66.4984
15211 -104.1088
15241 -82.9167
15271 -112.8055
15301 -162.3697
15331 -170.3507
15361 -135.4338
15391 -37.8392
15421 -53.8383
15451 -165.2962
15481 -93.9361
15511 -96.2753
15541 -75.7023
15571 -82.7412
15601 10.2616
15631 -90.6122
15661 -89.6368
15691 -80.4905
15721 -73.1992
15751 -72.1441
15781 -81.1911
15811 -70.5082
15841 -111.9625
15871 -68.4253
15901 -75.2315
15931 -80.5656
15961 -66.4158
15991 -85.8454
16021 -85.2534
16051 -114.5948
16081 -77.7996
16111 -104.7111
16141 -72.7460
16171 -54.6427
16201 -55.6601
16231 -72.4267
16261 -59.0681
16291 -51.8705
16321 -100.1886
16351 -70.2915
16381 -41.1619
16411 -128.3082
16441 -58.7591
16471 -85.8155
16501 -87.9679
16531 -73.9799
16561 -96.0648
16591 -63.1107
16621 171.9705
16651 -76.4435
16681 -88.6015
16711 -157.0567
16741 -58.9216
16771 -85.1087
16801 -76.7012
16831 -141.3676
16861 -113.2532
16891 -83.1670
16921 -53.6129
16951 -175.5707
16981 -149.1422
17011 -118.6477
17041 -124.4557
17071 -35.1507
17101 -54.2235
17131 -69.6295
17161 -109.8501
17191 -92.8272
17221 -84.1959
17251 -86.9579
17281 -83.2043
17311 -70.6606
17341 -71.8240
17371 -86.5759
17401 -79.4972
17431 -52.0624
17461 -79.5047
17491 -41.5451
17521 17.7086
17551 -59.0824
17581 -146.4009
17611 -137.4915
17641 177.0536
17671 70.8755
17701 -73.5027
17731 -107.3760
17761 -161.8767
17791 -90.1330
17821 -65.3786
17851 -72.3850
17881 -115.0442
17911 -80.2671
17941 -79.4324
17971 -131.2516
18001 -64.8476
18031 -89.6935
18061 -76.0649
18091 -22.0264
18121 -100.6007
18151 -68.3971
18181 -120.2354
18211 -79.1013
18241 -64.7526
18271 -89.2848
18301 -100.5907
18331 -93.7883
18361 -63.9540
18391 -49.4317
18421 -70.3333
18451 -161.1583
18481 -71.9204
18511 -50.4984
18541 75.5265
18571 -25.9167
18601 -69.8228
18631 -100.3270
18661 -59.6178
18691 -79.5551
18721 -80.2439
18751 -60.0049
18781 -66.7511
18811 -69.9654
18841 -78.2350
18871 -105.9096
18901 -99.2046
18931 -30.6118
18961 -133.2434
18991 -71.5624
19021 -144.2494
19051 -23.0364
19081 -163.8550
19111 -154.6225
19141 -141.9809
19171 -56.6360
19201 -69.5230
19231 -97.7632
19261 -118.1556
19291 -161.1253
19321 -65.0116
19351 -107.3401
19381 26.2005
19411 -162.6200
19441 -93.6281
19471 -104.2836
19501 -86.1380
19531 -83.7573
19561 -94.4017
19591 -99.4826
19621 -80.9604
19651 -86.9531
19681 -91.7832
19711 -102.5401
19741 -89.8278
19771 -45.4815
19801 -75.0800
19831 -39.5010
19861 -30.0949
19891 -119.3343
19921 -58.1781
19951 -115.8680
19981 -102.2788
20011 -82.2556
20041 -107.8517
20071 -88.3194
20101 -83.4531
20131 -86.9862
20161 -73.5346
20191 -69.2601
20221 -104.9446
20251 -179.1187
20281 -72.2617
20311 -54.8859
20341 -77.0626
20371 -109.4058
20401 -84.5961
20431 -66.1203
20461 -92.2816
20491 -99.5151
20521 -74.1798
20551 -56.2970
20581 -78.6523
20611 -118.4120
20641 42.9693
20671 -62.8217
20701 -41.0744
20731 -97.6201
20761 1.3402
20791 -88.8842
20821 -77.8252
20851 -71.0112
20881 -127.9555
20911 -66.5382
20941 -171.3251
20971 -83.1522
21001 -59.8077
21031 -145.8900
21061 -77.3970
21091 -27.4104
21121 -54.0736
21151 -179.0101
21181 -155.4661
21211 -73.1867
21241 -147.9342
21271 -68.9306
21301 -91.5121
21331 -108.1395
21361 -77.8614
21391 -79.7516
21421 -73.2105
21451 -93.2902
21481 -97.4020
21511 -101.4363
21541 -92.3388
21571 -108.0839
21601 -87.5840
21631 -134.9578
21661 -105.2806
21691 -76.8799
21721 -70.4509
21751 -77.8372
21781 -79.8224
21811 -71.2660
21841 -60.1328
21871 -99.5597
21901 -77.0068
21931 -78.2014
21961 -71.7871
21991 -116.2490
22021 -87.5920
22051 -78.1579
22081 -88.1833
22111 -78.5176
22141 -61.4992
22171 -34.1896
22201 -88.7379
22231 -87.6739
22261 -82.2102
22291 -66.4023
22321 -80.8659
22351 -72.2478
22381 -71.2233
22411 -82.8149
22441 -113.8051
22471 -62.9636
22501 -87.9180
22531 -71.4560
22561 -87.3292
22591 -81.0370
22621 -71.6074
22651 -87.7805
22681 -94.6816
22711 -86.1032
22741 -57.0588
22771 -119.5350
22801 -25.6574
22831 -53.6971
22861 -67.2002
22891 -98.8429
22921 -60.2950
22951 -75.5450
22981 -26.8343
23011 -51.2958
23041 -69.0765
23071 -92.7394
23101 -74.3712
23131 -76.2181
23161 -98.8160
23191 -89.0475
23221 -70.0302
23251 -123.5234
23281 -88.0256
23311 -94.6862
23341 -72.3537
23371 -75.3608
23401 -82.7898
23431 -88.1819
23461 -89.3105
23491 -70.7965
23521 -102.8753
23551 -80.9529
23581 -86.3458
23611 -95.3599
23641 -86.5357
23671 -74.3042
23701 -107.3289
23731 159.1934
23761 -81.0220
23791 -30.2726
23821 -58.4667
23851 -32.4344
23881 -112.9494
23911 -26.8829
23941 -35.1596
23971 -8.6016
24001 -80.3224
24031 -78.3703
24061 -18.8998
24091 -69.6523
24121 -24.9662
24151 -57.8148
24181 -106.5330
24211 -60.5420
24241 -93.7873
24271 -136.6041
24301 174.8405
24331 -77.0400
24361 -102.9605
24391 -62.2202
24421 -76.5072
24451 -92.9234
24481 -61.2140
24511 -62.6214
24541 -71.1266
24571 -16.1206
24601 5.7473
24631 -86.4683
24661 -65.9962
24691 -80.6780
24721 -120.3737
24751 -99.5675
24781 -93.8052
24811 -77.2154
24841 -90.2059
24871 -61.7377
24901 -90.0650
24931 -75.5491
24961 -89.0259
24991 -78.0556
25021 -89.7411
25051 -94.8285
25081 -87.0047
25111 -95.6567
25141 -75.1735
25171 -55.0708
25201 -59.1000
25231 -79.8895
25261 -65.1656
25291 -135.2804
25321 -63.8065
25351 -68.7155
25381 -147.4657
25411 -172.5107
25441 -86.4176
25471 -56.6466
25501 -0.3069
25531 -96.4418
25561 -122.7828
25591 -156.1983
25621 -66.8283
25651 -111.3018
25681 -77.2011
25711 -75.6151
25741 -90.0448
25771 -95.9073
25801 -66.8156
25831 -63.4769
25861 -115.7735
25891 -131.0344
25921 -106.4443
25951 -120.9164
25981 -165.7088
26011 -66.4196
26041 -82.6515
26071 -34.3379
26101 -103.1749
26131 -96.0855
26161 -144.0952
26191 -125.2481
26221 -52.6404
26251 -82.5464
26281 10.3825
26311 -79.9867
26341 -76.8951
26371 -75.0119
26401 -100.4701
26431 -77.8677
26461 169.0245
26491 -91.0099
26521 -104.8226
26551 -27.9491
26581 -55.2588
26611 -103.4936
26641 170.3766
26671 -53.1061
26701 -37.2429
26731 -94.5814
26761 -56.2615
26791 -37.5237
26821 -96.9145
26851 -71.8439
26881 -152.2913
26911 -45.4310
26941 -90.3288
26971 -162.6678
27001 -166.2464
27031 -91.8076
27061 -58.6517
27091 -73.8070
27121 -98.6838
27151 -73.8013
27181 -77.7252
27211 -78.6006
27241 -128.1735
27271 -86.1974
27301 22.0348
27331 -100.1014
27361 -55.1959
27391 -46.3420
27421 -89.4564
27451 -9.3328
27481 -129.7223
27511 -88.5219
27541 -90.2242
27571 -123.5083
27601 -141.0207
27631 -179.9908
27661 -152.4692
27691 -161.0192
27721 -65.6863
27751 -101.6413
27781 -56.0481
27811 -60.8354
27841 -86.7222
27871 -92.5382
27901 -19.6930
27931 -107.1442
27961 -85.2328
27991 -82.0791
28021 -60.2585
28051 -95.3087
28081 -73.8604
28111 -72.1107
28141 -89.6834
28171 -97.4120
28201 -91.5237
28231 -91.7520
28261 -89.0002
28291 -73.5218
28321 -83.9435
28351 -75.3536
28381 -77.9479
28411 -84.3955
28441 -106.6973
28471 -9.0935
28501 -80.5203
28531 -66.9158
28561 -122.7906
28591 -61.2566
28621 -100.1615
28651 -67.3362
28681 170.8234
28711 -63.4220
28741 -141.9794
28771 -38.0646
28801 -48.6949
28831 -49.5085
28861 -104.7333
28891 -98.7435
28921 -59.4237
28951 -94.4800
28981 -84.8686
29011 -52.0515
29041 -133.4790
29071 -101.0325
29101 -73.6713
29131 -69.3244
29161 -57.0164
29191 -95.6995
29221 -60.5192
29251 -88.1480
29281 -56.6079
29311 -85.0975
29341 -100.2529
29371 -111.6550
29401 -95.3335
29431 -73.9422
29461 -85.8864
29491 -176.9127
29521 -68.7219
29551 -64.9848
29581 -72.6845
29611 -72.1808
29641 -106.8399
29671 -47.0189
29701 -41.5519
29731 -139.2191
29761 -158.2777
29791 -81.0150
29821 -101.1031
29851 -91.7199
29881 -70.0204
29911 -62.2569
29941 -60.9379
29971 -69.0348
1 -89.4194
