-180	13.23714659872459
-179	13.164887513442093
-178	13.059545872786062
-177	12.918567896925454
-176	12.739946354397864
-175	12.522457680735616
-174	12.265900587092712
-173	11.971306273390269
-172	11.641083886581848
-171	11.27906389499954
-170	10.890409181384104
-169	10.481379821223504
-168	10.058960883419147
-167	9.630388370828067
-166	9.202629976743788
-165	8.781888474117306
-164	8.373192952281904
-163	7.980127656943671
-162	7.604724480611515
-161	7.247519501219993
-160	6.907751962770352
-159	6.583668970955794
-158	6.272891564484976
-157	5.972796577992136
-156	5.680872148137951
-155	5.395011496526473
-154	5.113719018477656
-153	4.83621427144793
-152	4.562432504219864
-151	4.292933592647824
-150	4.0287427420718105
-149	3.7711539982472555
-148	3.521529883549016
-147	3.2811268506916242
-146	3.0509676281377547
-145	2.831770060573079
-144	2.6239305121650505
-143	2.4275509214423376
-142	2.2424938748366836
-141	2.0684499422461196
-140	1.905004992742986
-139	1.7517003896448546
-138	1.6080837692815542
-137	1.4737509673571467
-136	1.3483799811285004
-135	1.2317561282300826
-134	1.1237850605099575
-133	1.0244885560628025
-132	0.9339782749833192
-131	0.8524054081141155
-130	0.7798889478969228
-129	0.7164309685382068
-128	0.6618322184748493
-127	0.615623973236438
-126	0.5770314535734136
-125	0.5449799622514742
-124	0.5181478844582648
-123	0.4950622089276111
-122	0.47422404529772266
-121	0.4542455179392083
-120	0.43397676750655517
-119	0.4126032072861068
-118	0.389698387021077
-117	0.36522570263754306
-116	0.3394910743600197
-115	0.313056749408181
-114	0.28663199760366903
-113	0.2609587283143276
-112	0.23670885744545034
-111	0.21440626259708964
-110	0.19438057882613843
-109	0.17675426264307073
-108	0.16145944003807292
-107	0.14827775151431638
-106	0.136894874644156
-105	0.12696136079507298
-104	0.11815234444239923
-103	0.11022003134228117
-102	0.10303425779744808
-101	0.09660766983615394
-100	0.09110322362006178
-99	0.08682288739609474
-98	0.08417776816179019
-97	0.08364146455646404
-96	0.08569023435892457
-95	0.09073543338662705
-94	0.09905541856751547
-93	0.11073542683562164
-92	0.12562451036179226
-91	0.1433180882983313
-90	0.16317279402287513
-89	0.18435695303259594
-88	0.20593539380905512
-87	0.22698188706043138
-86	0.24670716626351585
-85	0.2645862416095698
-84	0.2804665967823571
-83	0.2946395867504786
-82	0.30786115683639886
-81	0.3213144720046923
-80	0.3365151866704538
-79	0.3551685172170856
-78	0.3789945356103005
-77	0.40954295520058354
-76	0.4480203890543468
-75	0.49515148686651667
-74	0.5510909170266715
-73	0.6153966717188141
-72	0.6870676360318934
-71	0.7646407704147237
-70	0.846336471024648
-69	0.9302353769046964
-68	1.0144665914283058
-67	1.097386312694151
-66	1.1777273653643492
-65	1.2547039870609131
-64	1.3280620263938039
-63	1.3980717069007336
-62	1.4654672876288202
-61	1.531344192404736
-60	1.5970285002879894
-59	1.6639354608218626
-58	1.7334328011614868
-57	1.8067214427081
-56	1.8847416732315014
-55	1.9681078547508832
-54	2.0570703646681983
-53	2.15150039085035
-52	2.2508917933125314
-51	2.354374507724355
-50	2.4607356148015938
-49	2.5684467638825854
-48	2.675699542051146
-47	2.780452986216596
-46	2.880499079960434
-45	2.973552120548922
-44	3.057365783474132
-43	3.129877363770489
-42	3.1893723500578575
-41	3.2346551318919277
-40	3.2652047922205156
-39	3.2812904819036075
-38	3.284020602733443
-37	3.2753050890402657
-36	3.2577205088165897
-35	3.2342821871076195
-34	3.208143554672803
-33	3.182257205222605
-32	3.1590415327052024
-31	3.140099029085141
-30	3.1260265706242563
-29	3.1163452571908814
-28	3.1095600406801136
-27	3.1033408001401646
-26	3.094800054323396
-25	3.0808307856664885
-24	3.0584622962169954
-23	3.025192691890341
-22	2.97926245720832
-21	2.919842966374653
-20	2.8471248916635017
-19	2.7623028077528122
-18	2.6674627904403287
-17	2.5653888119212507
-16	2.459310811215368
-15	2.3526220848235853
-14	2.248595690882143
-13	2.150128528925214
-12	2.0595375198926513
-11	1.9784251805948447
-10	1.907622730921958
-9	1.8472090520182176
-8	1.7965949359753106
-7	1.7546556088068852
-6	1.7198914314350182
-5	1.690597177082476
-4	1.6650237205543856
-3	1.6415211092178683
-2	1.6186573268063535
-1	1.5953113043477372
0	1.5707411017048911
1	1.5446285869727285
2	1.517100905171013
3	1.4887274513673012
4	1.4604898972558966
5	1.4337227795397345
6	1.4100235524262552
7	1.3911337123769543
8	1.3787961598616987
9	1.374597727822661
10	1.3798091167026623
11	1.3952367702132284
12	1.421102113878577
13	1.4569628561467791
14	1.5016886811845491
15	1.5534997290028933
16	1.6100709336094738
17	1.6686988207349718
18	1.7265201152762792
19	1.7807640371568598
20	1.8290133309723857
21	1.8694440676957151
22	1.9010124846950183
23	1.923559922889767
24	1.9378150678874164
25	1.9452859673677612
26	1.9480510894419099
27	1.9484761016528562
28	1.948897369570035
29	1.951320767021175
30	1.9571827812852727
31	1.9672096555226524
32	1.9813914317951546
33	1.9990653369352533
34	2.0190821939020895
35	2.040015359806764
36	2.060367342854494
37	2.078735403649841
38	2.0939120139618876
39	2.10491481818205
40	2.110958628685154
41	2.111394472572621
42	2.1056450829221616
43	2.093162218126878
44	2.073420842636165
45	2.0459520887479288
46	2.010404981578409
47	1.9666192786227505
48	1.9146899579905579
49	1.8550075260603989
50	1.788265531968346
51	1.7154348596510791
52	1.6377110742209366
53	1.5564447892166333
54	1.4730654005004666
55	1.38900642782672
56	1.3056375726411176
57	1.2242058844348602
58	1.145787016985397
59	1.0712475317424823
60	1.0012199453175363
61	0.9360927737308856
62	0.8760174033599503
63	0.8209319472827252
64	0.7705996973745027
65	0.7246572012535145
66	0.68266532839879
67	0.6441565943947503
68	0.6086735751691229
69	0.5757959587767877
70	0.5451567570333837
71	0.5164504971659691
72	0.48943719610573116
73	0.4639454476530833
74	0.43987638366404774
75	0.4172082777551476
76	0.39599985918811187
77	0.3763895063002328
78	0.3585875680166893
79	0.34285997270012764
80	0.32950268599960836
81	0.3188081035585149
82	0.31102583443987636
83	0.30632140476818626
84	0.3047371403598374
85	0.30615984260664014
86	0.31029978710499856
87	0.316684947395484
88	0.3246730978582543
89	0.33348260639609034
90	0.3422404754043163
91	0.35004386769781914
92	0.3560293788525353
93	0.35944306848355834
94	0.35970397812844784
95	0.3564545832689253
96	0.3495932049235484
97	0.3392855676420768
98	0.32595510771546715
99	0.3102539834617526
100	0.29301872366085385
101	0.27521581286721075
102	0.2578830473968934
103	0.2420720899239976
104	0.22879634692235823
105	0.2189863471545832
106	0.21345268322356267
107	0.2128549002677101
108	0.21767405635105688
109	0.22818738458390256
110	0.24444549867034937
111	0.26625537532432325
112	0.29317501952125447
113	0.32452724011194645
114	0.359439490338402
115	0.3969139012517354
116	0.4359267495129239
117	0.47555057511565335
118	0.5150863271803872
119	0.5541886553828694
120	0.5929658645363454
121	0.6320376206723142
122	0.6725380787774051
123	0.7160589531977468
124	0.7645350695160956
125	0.8200829242025769
126	0.8848096602507816
127	0.9606148045123714
128	1.0490095155241321
129	1.1509775768584933
130	1.2668987390114717
131	1.3965482815615071
132	1.5391771880115306
133	1.6936659206497535
134	1.8587328301279338
135	2.033167615399116
136	2.2160531067599645
137	2.406936960755368
138	2.605919929059928
139	2.81363931264196
140	3.0311436664123392
141	3.2596749328588115
142	3.5003930512668155
143	3.7540915329468687
144	4.0209570635963425
145	4.3004201460037494
146	4.5911277353559985
147	4.891045779801466
148	5.19767442996816
149	5.5083369658202646
150	5.820490000354697
151	6.132000036418282
152	6.44134003893826
153	6.74767677749004
154	7.050840950094011
155	7.351192698236651
156	7.649411078680366
157	7.94624510230476
158	8.242265753140193
159	8.537654147469766
160	8.832052603752715
161	9.124494765232958
162	9.413419497567048
163	9.696762094296961
164	9.972106274721797
165	10.236872670805656
166	10.48851531792808
167	10.72469826410303
168	10.943430145280322
169	11.143144438475604
170	11.322724739227441
171	11.481484769633772
172	11.619119282914202
173	11.735643377606811
174	11.831334529691334
175	11.906685799077028
176	11.962372488129915
177	11.999229845364635
178	12.018237046894487
179	12.020502517384687
180	12.007246943492744
