-180	3.568715825274247e-30
-179	1.9083939920431804e-29
-178	1.010092926694655e-28
-177	5.286470338881002e-28
-176	2.7329366255267783e-27
-175	1.3940527918786088e-26
-174	7.008513787172117e-26
-173	3.4687507301461915e-25
-172	1.6882059819201957e-24
-171	8.070474138211095e-24
-170	3.7855730858100826e-23
-169	1.7405726667897329e-22
-168	7.837708099679299e-22
-167	3.4536347931032285e-21
-166	1.4881854171491244e-20
-165	6.267341466845741e-20
-164	2.5784287025911867e-19
-163	1.035894135097464e-18
-162	4.062980878869545e-18
-161	1.555447693034788e-17
-160	5.81144916997012e-17
-159	2.1187920421767966e-16
-158	7.537681821902371e-16
-157	2.6164578292284162e-15
-156	8.86143464101556e-15
-155	2.928203431201989e-14
-154	9.44062834478273e-14
-153	2.9696168133902924e-13
-152	9.113775317557578e-13
-151	2.728938873755647e-12
-150	7.972351769231143e-12
-149	2.272354208782179e-11
-148	6.319204674775222e-11
-147	1.7145319256442115e-10
-146	4.538637164914352e-10
-145	1.172200968416359e-09
-144	2.95376134907012e-09
-143	7.261819425596284e-09
-142	1.741855811472021e-08
-141	4.076389489962376e-08
-140	9.30756035239649e-08
-139	2.0734461829702843e-07
-138	4.5065728580772695e-07
-137	9.556453567002021e-07
-136	1.977169251209384e-06
-135	3.991054795369227e-06
-134	7.860104157942602e-06
-133	1.510308643555405e-05
-132	2.831391691237071e-05
-131	5.1788233946350376e-05
-130	9.241857072600618e-05
-129	0.000160910556856948
-128	0.00027334251718714124
-127	0.00045303059441064813
-126	0.0007325648271123775
-125	0.0011557490189324602
-124	0.0017790210266879687
-123	0.0026717783659723784
-122	0.003914931701356185
-121	0.005597013206359273
-120	0.007807336280302954
-119	0.010626078826002243
-118	0.01411174645183268
-117	0.01828720895732728
-116	0.02312627185855279
-115	0.028543367668653046
-114	0.03438922915481981
-113	0.04045516602790692
-112	0.04648771870124157
-111	0.05221404891048983
-110	0.057376634682214156
-109	0.061773976688101806
-108	0.0653024642242499
-107	0.06799363391453185
-106	0.07004101169242788
-105	0.0718116189339814
-104	0.07383893081630442
-103	0.07679634815048715
-102	0.0814527693781621
-101	0.08861432342778856
-100	0.0990584971585883
-99	0.11346856846166804
-98	0.1323772628116565
-97	0.15612868985175088
-96	0.18486665574573452
-95	0.21855516676487488
-94	0.25703323928498845
-93	0.30010116764167116
-92	0.34762970026369605
-91	0.39967805476363644
-90	0.45660256350023304
-89	0.5191362122165044
-88	0.5884213349347341
-87	0.6659835284147932
-86	0.7536438456429387
-85	0.8533770288320591
-84	0.9671338099142672
-83	1.096652819821608
-82	1.2432904878118836
-81	1.407894506947557
-80	1.5907383106659732
-79	1.7915221778692885
-78	2.009433661277589
-77	2.2432489608455946
-76	2.491450175958884
-75	2.7523325242939407
-74	3.0240806058294076
-73	3.3048021645505443
-72	3.592519075409192
-71	3.8851256444826374
-70	4.180331373438413
-69	4.475607763404803
-68	4.768156492133498
-67	5.054910560774544
-66	5.332572681670122
-65	5.597688289810856
-64	5.8467456534742785
-63	6.076293319085917
-62	6.283065299603809
-61	6.464106038803495
-60	6.616889001637696
-59	6.739423692461387
-58	6.830345506587701
-57	6.888981351182233
-56	6.915382379630464
-55	6.910314779391877
-54	6.875201541453762
-53	6.812013137293378
-52	6.723112717886977
-51	6.611070482069077
-50	6.4784700947083325
-49	6.327735054228019
-48	6.1610027253984905
-47	5.980067473234955
-46	5.786402582841107
-45	5.581255590710504
-44	5.365796547126411
-43	5.141287139399997
-42	4.909233452266507
-41	4.671487890243161
-40	4.4302760079050705
-39	4.18813943319161
-38	3.947803208318484
-37	3.711990828376877
-36	3.4832197583290214
-35	3.263612394916346
-34	3.0547522715891837
-33	2.857604490917926
-32	2.6725058499587084
-31	2.4992172585357655
-30	2.337021731756286
-29	2.1848471737842634
-28	2.041394514536175
-27	1.9052571951251536
-26	1.7750252208597794
-25	1.64937348457499
-24	1.5271378376736082
-23	1.4073826120921467
-22	1.289460452790138
-21	1.1730609584000813
-20	1.0582407835380814
-19	0.9454263310956126
-18	0.8353819144261164
-17	0.7291411134666751
-16	0.6279057527785535
-15	0.5329236426505095
-14	0.44536108062995444
-13	0.36618779317701433
-12	0.29609008793868863
-11	0.235423015994
-10	0.1842055538912163
-9	0.14215575889140245
-8	0.10875695498051051
-7	0.08334224816658727
-6	0.0651834251777275
-5	0.05357137709396655
-4	0.04787803534465896
-3	0.047593669354419894
-2	0.0523375564372877
-1	0.0618439251778754
0	0.07592830442016965
1	0.09444174444390457
2	0.11722167817925724
3	0.1440483830887341
4	0.1746150716861593
5	0.20851765210837556
6	0.24526736085111045
7	0.28432612948479524
8	0.32516118391556287
9	0.3673125162427616
10	0.4104649803362965
11	0.4545161316021438
12	0.49963159794310874
13	0.5462815173352787
14	0.5952540079379381
15	0.647644285960793
16	0.7048205167934302
17	0.7683695339748173
18	0.8400271224520777
19	0.9215986961515032
20	1.0148769936771924
21	1.1215638951049673
22	1.2432035434858233
23	1.381133469870886
24	1.5364592099065095
25	1.7100559239164834
26	1.9025979580280064
27	2.1146144926485224
28	2.3465669204259854
29	2.5989418330427574
30	2.8723526842099907
31	3.167643162380083
32	3.4859854940707398
33	3.8289665395197567
34	4.198652985072391
35	4.597624033451418
36	5.028956400909308
37	5.4961436686550975
38	6.002932196117818
39	6.553060915844259
40	7.149903535076775
41	7.796028460851952
42	8.492711611747806
43	9.239455864577419
44	10.033583032259186
45	10.869965367389096
46	11.740951114019696
47	12.636513287666228
48	13.544616861760849
49	14.451763845902818
50	15.343646408815776
51	16.205822214046822
52	17.0243274378719
53	17.786161220401123
54	18.47960600106547
55	19.094383700904373
56	19.62167945939127
57	20.054085386821292
58	20.38552254995061
59	20.611190270096596
60	20.727571672727333
61	20.732499623770483
62	20.625264591353996
63	20.406731111210746
64	20.079425289959072
65	19.64756195006476
66	19.116993760510187
67	18.495081597892028
68	17.790500784423372
69	17.013008026138
70	16.173196815381804
71	15.28226474348422
72	14.351806356139315
73	13.393632869653734
74	12.419608715016095
75	11.441487609410693
76	10.470729724953243
77	9.518287020365912
78	8.594354689229913
79	7.708100252922417
80	6.86739454562729
81	6.078577213550223
82	5.346290862360338
83	4.673411781117044
84	4.0610923157635614
85	3.508913194362983
86	3.0151271149116194
87	2.5769614056788623
88	2.190940365417887
89	1.8531882481616218
90	1.5596812762838448
91	1.3064295250283888
92	1.089584065578944
93	0.9054782462911358
94	0.7506218387174234
95	0.6216714411102682
96	0.5153997572731259
97	0.42868107199908423
98	0.35850217657900724
99	0.30199925483407747
100	0.2565137654321973
101	0.2196555456750681
102	0.18935984372336512
103	0.16392660060713915
104	0.1420342564588631
105	0.12272548659109453
106	0.10536735899599976
107	0.0895924273118906
108	0.07522959791687601
109	0.06223405209748566
110	0.050624288164463294
111	0.040431985711935015
112	0.03166752540134035
113	0.024301236100273974
114	0.018258254138198454
115	0.013423524186890736
116	0.009652989632355868
117	0.006787279869324076
118	0.004664964826109846
119	0.0031334442703057886
120	0.0020565331127364536
121	0.0013186259271135835
122	0.0008258890495926312
123	0.0005052261778280285
124	0.0003018353531253083
125	0.00017609038098564825
126	0.00010031081184292139
127	5.579242969980552e-05
128	3.02963325364341e-05
129	1.6060776757569874e-05
130	8.311539647374618e-06
131	4.198688526807759e-06
132	2.0703497117052853e-06
133	9.964463769052933e-07
134	4.6808867534805814e-07
135	2.1461076685607956e-07
136	9.603079059926635e-08
137	4.193655418219706e-08
138	1.7872565627549423e-08
139	7.4333166431526e-09
140	3.0169665405706434e-09
141	1.1949283308761883e-09
142	4.618371430418476e-10
143	1.7418241907861607e-10
144	6.410349337851655e-11
145	2.3020515177881984e-11
146	8.066755917056911e-12
147	2.7582167778243073e-12
148	9.202355228664197e-13
149	2.9957574448983944e-13
150	9.515852311082286e-14
151	2.949299408710746e-14
152	8.919023557105859e-15
153	2.631726016879177e-15
154	7.576824397243188e-16
155	2.128414052757718e-16
156	5.833750641449702e-17
157	1.560145180332916e-17
158	4.0711143836642045e-18
159	1.0365810843334655e-18
160	2.575447064089737e-19
161	6.244380238363846e-20
162	1.4775962929435732e-20
163	3.4128229117771825e-21
164	7.695736531959824e-22
165	1.6946638042661607e-22
166	3.64560852467888e-23
167	7.664946517630821e-24
168	1.5759695641936334e-24
169	3.1709005820161624e-25
170	6.248258600464703e-26
171	1.2068908336383984e-26
172	2.2873898899103152e-27
173	4.258312464333559e-28
174	7.795491894125026e-29
175	1.4049249700926707e-29
176	2.4955291907458292e-30
177	4.373817632831329e-31
178	7.572169572298648e-32
179	1.2962635319276637e-32
180	2.1963695897945312e-33
