-180	0.005097990564945128
-179	0.006715034293466416
-178	0.008763027371544937
-177	0.011321446419121958
-176	0.014470361620247793
-175	0.018284723246789644
-174	0.022827511390608374
-173	0.028142580427215035
-172	0.03424848675488705
-171	0.041134884348571925
-170	0.0487630093036181
-169	0.05707119317604356
-168	0.06598522700506118
-167	0.07543194631055292
-166	0.08535305020021894
-165	0.09571544815565029
-164	0.10651480042475614
-163	0.1177705313529574
-162	0.12951316839724628
-161	0.14176771666827556
-160	0.1545390381275056
-159	0.16780605383242156
-158	0.1815305456987389
-157	0.195683417862136
-156	0.21028702903776034
-155	0.2254675782635746
-154	0.24150765128339632
-153	0.25888694850503496
-152	0.2782995907604515
-151	0.3006393720106705
-150	0.32694945746859694
-149	0.35833939422124733
-148	0.39587872560826803
-147	0.44048178473404587
-146	0.49280140962210084
-145	0.5531497689018791
-144	0.6214620414526733
-143	0.6973135978269448
-142	0.7799941774942521
-141	0.8686342163574569
-140	0.9623700431537615
-139	1.0605273660568584
-138	1.1627975771310177
-137	1.269380021619299
-136	1.3810662138815932
-135	1.499249066659514
-134	1.625850725690883
-133	1.763174923180304
-132	1.913701655054388
-131	2.0798511144031284
-130	2.2637483179556184
-129	2.467018875982985
-128	2.690640275895302
-127	2.934863458927681
-126	3.1992087055170435
-125	3.4825303397187275
-124	3.783138351210584
-123	4.098962448446713
-122	4.427744766186874
-121	4.767249883707554
-120	5.11548290568545
-119	5.470906279274334
-118	5.8326428306626354
-117	6.200646606526819
-116	6.575816315479034
-115	6.9600213481969
-114	7.356010687601621
-113	7.767183014160277
-112	8.197212853804766
-111	8.649551303951688
-110	9.126846893750251
-109	9.63035683058962
-108	10.159434954756412
-107	10.711184803927226
-106	11.280351404722929
-105	11.859494449653102
-104	12.439442885328864
-103	13.009984232524953
-102	13.560700344422836
-101	14.081833509725925
-100	14.565059113805987
-99	15.00405583282876
-98	15.394799281928673
-97	15.735553598182467
-96	16.02658802037528
-95	16.269691517785077
-94	16.46758860877102
-93	16.623367824845054
-92	16.740019811241027
-91	16.82014897618307
-90	16.865879261862073
-89	16.878931458739473
-88	16.860816379838806
-87	16.81307189114081
-86	16.73747423953414
-85	16.636172307740267
-84	16.51172052976754
-83	16.36701383964255
-82	16.205148825495122
-81	16.02924491097522
-80	15.842257584314229
-79	15.646805754058324
-78	15.445022656359825
-77	15.238429878405206
-76	15.02783070921527
-75	14.81322297636714
-74	14.593740568860431
-73	14.367642684329377
-72	14.132375622992482
-71	13.884729931968746
-70	13.621104492185967
-69	13.33787021966767
-68	13.031803440271528
-67	12.700538185142893
-66	12.342973161167814
-65	11.959567074831144
-64	11.552466941479627
-63	11.125436683059965
-62	10.683583738154676
-61	10.232913837146096
-60	9.779772284322485
-59	9.330248632084801
-58	8.889627095644927
-57	8.461956643376261
-56	8.04979432651048
-55	7.654147207262734
-54	7.274607584019344
-53	6.909648558604878
-52	6.5570267883639834
-51	6.214229149201945
-50	5.8789005072259855
-49	5.5491994057880385
-48	5.224044398975824
-47	4.903232595351021
-46	4.587430495235875
-45	4.278052933230787
-44	3.977057389290694
-43	3.6866875605397738
-42	3.409202034474473
-41	3.146621701366736
-40	2.9005238846650627
-39	2.67190284060429
-38	2.461106214301225
-37	2.2678464024175846
-36	2.0912759618644516
-35	1.9301087037840918
-34	1.7827641802946175
-33	1.6475135660477447
-32	1.5226092245913816
-31	1.406387345248784
-30	1.2973410412766067
-29	1.1941681050014692
-28	1.095801515159366
-27	1.0014310054797362
-26	0.9105209147950645
-25	0.8228245560048727
-24	0.73839042279694
-23	0.6575525582793854
-22	0.5808974973620454
-21	0.5092034741598163
-20	0.44335312697707113
-19	0.38422711390002
-18	0.3325911006923216
-17	0.28899112697219587
-16	0.25367179249709143
-15	0.22652829074879366
-14	0.2070979938341862
-13	0.19459133309504625
-12	0.18795633686704932
-11	0.18596723974362758
-10	0.18732544604338103
-9	0.1907607603127164
-8	0.19512186367432707
-7	0.1994471068663125
-6	0.2030094526204462
-5	0.20533257332659657
-4	0.20617849209781128
-3	0.20551051487403066
-2	0.20343821104579565
-1	0.20015343685913894
0	0.19586741977751226
1	0.19075841322282702
2	0.18493732954854478
3	0.17843534701613922
4	0.17121337248822072
5	0.1631892383750746
6	0.15427544181091035
7	0.14441871709664492
8	0.1336330306643201
9	0.12201954328582383
10	0.10977017365881664
11	0.09715487969779096
12	0.08449588371721711
13	0.07213419957136749
14	0.060394652315608394
15	0.04955511671200813
16	0.03982422179656722
17	0.03132972986459399
18	0.024117697003536564
19	0.018160779589845702
20	0.013372932269247365
21	0.009627330391304206
22	0.006774564465952211
23	0.0046588088654803935
24	0.003130532877716973
25	0.002055188155251028
26	0.0013180190705359232
27	0.0008256216239334276
28	0.0005051110893227332
29	0.0003017869863269219
30	0.00017607053256544906
31	0.00010030285856255677
32	5.578931806552933e-05
33	3.0295143940204178e-05
34	1.60603334892815e-05
35	8.311378259963888e-06
36	4.198631164241719e-06
37	2.070329808196397e-06
38	9.96439635351343e-07
39	4.6808644636059175e-07
40	2.1461004747136534e-07
41	9.60305639729982e-08
42	4.1936484496244226e-08
43	1.7872544712507083e-08
44	7.4333105161262335e-09
45	3.016964788544724e-09
46	1.1949278417287515e-09
47	4.618370095754171e-10
48	1.7418238336096177e-10
49	6.410348388760598e-11
50	2.3020512574929507e-11
51	8.066755104600197e-12
52	2.7582164454723404e-12
53	9.202353399446936e-13
54	2.99575625950388e-13
55	9.51584432735006e-14
56	2.949294131087157e-14
57	8.918989995243114e-15
58	2.6317056175465368e-15
59	7.576706140616623e-16
60	2.1283487612575363e-16
61	5.833409906074134e-17
62	1.55998908802761e-17
63	4.071051391068087e-18
64	1.0395987587259738e-18
65	2.7209357008585897e-19
66	1.24583512741477e-19
67	2.713651735283522e-19
68	1.0362111361612672e-18
69	4.056339812948432e-18
70	1.553768301573333e-17
71	5.807748113182347e-17
72	2.1180205859870285e-16
73	7.536149966539261e-16
74	2.616167898842219e-15
75	8.860911617815286e-15
76	2.9281135099991957e-14
77	9.440481016867318e-14
78	2.969593811234801e-13
79	9.113741094670015e-13
80	2.728934020779831e-12
81	7.972345205284769e-12
82	2.2723533597322185e-11
83	6.319203614846604e-11
84	1.7145317939847797e-10
85	4.5386369869646997e-10
86	1.1722009373157271e-09
87	2.953761271261168e-09
88	7.261819179143523e-09
89	1.7418557269787898e-08
90	4.076389198293515e-08
91	9.307559361463144e-08
92	2.0734458536792362e-07
93	4.506571789506659e-07
94	9.556450182084688e-07
95	1.977168204607204e-06
96	3.991051636698845e-06
97	7.860094852760918e-06
98	1.5103059677502588e-05
99	2.831384180104152e-05
100	5.1788028124839845e-05
101	9.241802014128505e-05
102	0.00016090911898541707
103	0.000273338851176225
104	0.0004530214688166798
105	0.0007325426482620046
106	0.001155696387518563
107	0.0017788990722424648
108	0.0026715024249962496
109	0.003914321994590742
110	0.005595697577623051
111	0.007804563755255624
112	0.010620372314043738
113	0.014100274334623703
114	0.018264681110454227
115	0.02308305770068338
116	0.02846238517859352
117	0.034240961992321337
118	0.040189937925454194
119	0.04602411284843817
120	0.05142214999204072
121	0.05605466408804176
122	0.059616984654941994
123	0.06186214986558009
124	0.06262919269992559
125	0.061862225577836126
126	0.059617184906432426
127	0.05605511224441176
128	0.05142310563676198
129	0.04602609251644597
130	0.04019393606742765
131	0.034248839442530606
132	0.028477528979437217
133	0.02311146461010591
134	0.018316676480437787
135	0.01419314301103866
136	0.010782237077764887
137	0.008079879774574958
138	0.006052710098120043
139	0.004654724737858431
140	0.003842301872565885
141	0.003586111987250615
142	0.0038789868434424115
143	0.004739282671968326
144	0.0062096281955078304
145	0.008351241558656044
146	0.011234303233293516
147	0.014925236051262721
148	0.019472168704518997
149	0.02489027983392047
150	0.03114901622543297
151	0.03816321183518874
152	0.0457897982865344
153	0.05383107025217441
154	0.06204444500238267
155	0.07015754054939498
156	0.07788646287559034
157	0.08495469705943927
158	0.0911100939807893
159	0.09613811927145419
160	0.09987058753385968
161	0.10219021467765145
162	0.10303213054442523
163	0.10238374821564596
164	0.10028403021085845
165	0.09682240143756404
166	0.09213668592598348
167	0.08640888386089109
168	0.0798576335514552
169	0.07272685478933458
170	0.06527111563179204
171	0.05773930434207969
172	0.050358826470847134
173	0.04332256030406384
174	0.03678021971236644
175	0.030834829495519293
176	0.025544036765975397
177	0.020925233227156583
178	0.01696308347288742
179	0.013618037411119503
180	0.010834648543594285
